========== OUTPUT ==========
Cloudlet ID    STATUS    Data center ID    VM ID    Time    Start Time    Finish Time    BWCost    CPUCost
    68        SUCCESS        4            42        0.3        0.3        3.66            43            3.02
    15        SUCCESS        4            47        0.3        0.3        3.77            37.6            3.12
    67        SUCCESS        4            58        0.3        0.3        3.77            43.5            3.12
    79        SUCCESS        4            25        0.3        0.3        3.88            39.7            3.22
    14        SUCCESS        4            59        0.3        0.3        3.99            26.6            3.32
    21        SUCCESS        4            38        0.3        0.3        4.11            27.2            3.43
    175        SUCCESS        4            23        0.3        0.3        4.46            36.9            3.74
    63        SUCCESS        4            44        0.3        0.3        4.89            28.2            4.13
    55        SUCCESS        4            48        0.3        0.3        5.12            28.3            4.34
    48        SUCCESS        4            27        0.3        0.3        5.44            6            4.63
    41        SUCCESS        4            37        0.3        0.3        5.77            22.4            4.92
    3        SUCCESS        4            15        0.3        0.3        6.01            10.1            5.14
    2        SUCCESS        4            50        0.3        0.3        6.42            38.9            5.51
    104        SUCCESS        4            47        0.3        3.77        6.77            33            2.7
    131        SUCCESS        4            53        0.3        0.3        7.24            30.3            6.25
    9        SUCCESS        4            46        0.3        0.3        7.35            15.8            6.35
    12        SUCCESS        4            63        0.3        0.3        7.35            56.9            6.35
    142        SUCCESS        4            25        0.3        3.88        7.81            56.4            3.53
    102        SUCCESS        4            48        0.3        5.12        7.92            20.9            2.52
    23        SUCCESS        4            57        0.3        0.3        8.08            19.2            7
    0        SUCCESS        4            20        0.3        0.3        8.19            48.6            7.1
    24        SUCCESS        4            21        0.3        0.3        8.19            23.3            7.1
    32        SUCCESS        4            26        0.3        0.3        8.3            11.2            7.2
    11        SUCCESS        4            31        0.3        0.3        8.41            42.6            7.3
    82        SUCCESS        4            42        0.3        3.66        8.63            18.7            4.47
    59        SUCCESS        4            61        0.3        0.3        8.75            13.4            7.6
    118        SUCCESS        4            34        0.3        0.3        8.86            49.2            7.7
    8        SUCCESS        4            24        0.3        0.3        8.96            18.6            7.8
    145        SUCCESS        3            12        0.3        0.3        8.97            43.4            4.33
    38        SUCCESS        4            17        0.3        0.3        9.07            36.9            7.9
    7        SUCCESS        4            40        0.3        0.3        9.07            53.8            7.9
    74        SUCCESS        4            36        0.3        0.3        9.18            39.4            7.99
    36        SUCCESS        4            30        0.3        0.3        9.29            13.3            8.09
    42        SUCCESS        4            52        0.3        0.3        9.4            30.6            8.19
    18        SUCCESS        4            55        0.3        0.3        9.6            12.2            8.37
    4        SUCCESS        4            39        0.3        0.3        9.71            24.2            8.47
    25        SUCCESS        4            59        0.3        3.99        9.71            22.1            5.15
    54        SUCCESS        4            49        0.3        0.3        9.93            54.9            8.66
    5        SUCCESS        4            33        0.3        0.3        10.04            32.4            8.76
    64        SUCCESS        4            28        0.3        0.3        10.15            13.7            8.86
    62        SUCCESS        4            16        0.3        0.3        10.45            25.2            9.13
    13        SUCCESS        4            46        0.3        7.35        10.56            45            2.89
    17        SUCCESS        4            60        0.3        0.3        10.56            23.8            9.23
    53        SUCCESS        4            32        0.3        0.3        10.67            29.5            9.33
    50        SUCCESS        4            50        0.3        6.42        10.78            45.9            3.92
    20        SUCCESS        4            64        0.3        0.3        10.9            15.8            9.54
    39        SUCCESS        2            4        0.3        0.3        10.94            19.2            3.19
    119        SUCCESS        4            19        0.3        0.3        11.01            22.6            9.64
    35        SUCCESS        4            45        0.3        0.3        11.12            6.5            9.74
    61        SUCCESS        4            51        0.3        0.3        11.12            18            9.74
    143        SUCCESS        4            53        0.3        7.24        11.12            25            3.49
    72        SUCCESS        4            22        0.3        0.3        11.34            22.4            9.94
    77        SUCCESS        4            21        0.3        8.19        11.72            35.2            3.18
    1        SUCCESS        4            56        0.3        0.3        11.91            20.1            10.45
    139        SUCCESS        4            18        0.3        0.3        12.02            40.3            10.55
    177        SUCCESS        4            23        0.3        4.46        12.02            16.2            6.81
    43        SUCCESS        3            13        0.3        0.3        12.03            50.4            5.86
    71        SUCCESS        4            29        0.3        0.3        12.13            5.3            10.65
    115        SUCCESS        4            36        0.3        9.18        12.13            41.2            2.65
    6        SUCCESS        4            41        0.3        0.3        12.13            46.6            10.65
    30        SUCCESS        4            43        0.3        0.3        12.13            20.6            10.65
    151        SUCCESS        3            5        0.3        0.3        12.13            37.6            5.92
    29        SUCCESS        4            55        0.3        9.6        12.24            20.3            2.38
    34        SUCCESS        4            62        0.3        0.3        12.38            48.7            10.87
    19        SUCCESS        4            35        0.3        0.3        12.73            34.7            11.19
    96        SUCCESS        4            54        0.3        0.3        12.84            42.6            11.29
    90        SUCCESS        4            58        0.3        3.77        12.84            32.4            8.17
    86        SUCCESS        4            38        0.3        4.11        12.95            45            7.96
    31        SUCCESS        4            59        0.3        9.71        13.09            26.2            3.04
    162        SUCCESS        3            7        0.3        0.3        13.13            49.9            6.41
    22        SUCCESS        4            33        0.3        10.04        13.4            50.4            3.03
    117        SUCCESS        4            60        0.3        10.56        13.65            43.2            2.78
    94        SUCCESS        4            15        0.3        6.01        13.76            32.8            6.97
    56        SUCCESS        4            57        0.3        8.08        13.94            19.2            5.27
    179        SUCCESS        4            32        0.3        10.67        14.05            36.5            3.05
    46        SUCCESS        4            40        0.3        9.07        14.4            30.3            4.79
    132        SUCCESS        4            21        0.3        11.72        14.51            47.1            2.51
    60        SUCCESS        3            14        0.3        0.3        14.54            40.7            7.12
    65        SUCCESS        4            37        0.3        5.77        14.67            20.8            8.01
    133        SUCCESS        4            27        0.3        5.44        14.78            27.7            8.4
    84        SUCCESS        4            61        0.3        8.75        14.78            39.6            5.43
    75        SUCCESS        4            63        0.3        7.35        14.89            17.6            6.78
    58        SUCCESS        4            31        0.3        8.41        15            37.7            5.93
    166        SUCCESS        4            47        0.3        6.77        15.11            28.3            7.5
    10        SUCCESS        3            8        0.3        0.3        15.17            38.9            7.44
    128        SUCCESS        4            44        0.3        4.89        15.57            20.7            9.61
    47        SUCCESS        4            17        0.3        9.07        15.8            48.7            6.05
    16        SUCCESS        4            46        0.3        10.56        16.09            32            4.98
    66        SUCCESS        4            51        0.3        11.12        16.3            7.8            4.67
    155        SUCCESS        4            48        0.3        7.92        16.41            32.4            7.65
    106        SUCCESS        4            55        0.3        12.24        16.52            44.9            3.85
    88        SUCCESS        4            64        0.3        10.9        16.63            45.9            5.16
    101        SUCCESS        4            42        0.3        8.63        17.16            23.3            7.68
    57        SUCCESS        4            52        0.3        9.4        17.46            17            7.25
    81        SUCCESS        4            50        0.3        10.78        17.57            41.5            6.11
    165        SUCCESS        3            12        0.3        8.97        17.58            49.8            4.31
    108        SUCCESS        4            59        0.3        13.09        17.68            9.6            4.13
    45        SUCCESS        4            45        0.3        11.12        18.04            27.9            6.23
    270        SUCCESS        4            21        0.3        14.51        18.48            14.6            3.58
    91        SUCCESS        4            61        0.3        14.78        18.59            32.5            3.43
    26        SUCCESS        4            35        0.3        12.73        18.77            18.4            5.43
    33        SUCCESS        4            26        0.3        8.3        18.89            14.6            9.53
    83        SUCCESS        4            39        0.3        9.71        19            31.6            8.36
    27        SUCCESS        4            20        0.3        8.19        19.13            16.5            9.85
    28        SUCCESS        3            11        0.3        0.3        19.25            39            9.48
    169        SUCCESS        4            47        0.3        15.11        19.4            16.2            3.87
    44        SUCCESS        4            24        0.3        8.96        19.73            28.7            9.69
    221        SUCCESS        4            25        0.3        7.81        19.84            36.4            10.83
    126        SUCCESS        4            63        0.3        14.89        20.04            33.6            4.64
    70        SUCCESS        3            9        0.3        0.3        20.13            27.8            9.91
    190        SUCCESS        4            19        0.3        11.01        20.15            27.9            8.23
    129        SUCCESS        4            44        0.3        15.57        20.15            15.2            4.12
    52        SUCCESS        4            56        0.3        11.91        20.15            36.8            7.41
    109        SUCCESS        4            62        0.3        12.38        20.26            26.2            7.09
    135        SUCCESS        4            64        0.3        16.63        20.26            29.1            3.27
    209        SUCCESS        4            55        0.3        16.52        20.51            47.5            3.59
    98        SUCCESS        4            28        0.3        10.15        20.62            4.8            9.43
    164        SUCCESS        4            18        0.3        12.02        20.73            45.3            7.84
    73        SUCCESS        4            33        0.3        13.4        20.84            28.3            6.7
    122        SUCCESS        4            16        0.3        10.45        20.95            24.1            9.45
    203        SUCCESS        4            34        0.3        8.86        20.95            33.5            10.88
    161        SUCCESS        4            36        0.3        12.13        21.14            48.6            8.1
    99        SUCCESS        4            49        0.3        9.93        21.25            23.7            10.19
    85        SUCCESS        4            30        0.3        9.29        21.36            56.8            10.86
    140        SUCCESS        4            42        0.3        17.16        21.47            17.5            3.87
    107        SUCCESS        4            51        0.3        16.3        21.47            53.7            4.65
    80        SUCCESS        4            22        0.3        11.34        21.58            51.2            9.21
    149        SUCCESS        4            15        0.3        13.76        21.9            17.7            7.33
    191        SUCCESS        4            58        0.3        12.84        22.03            33.1            8.27
    51        SUCCESS        4            35        0.3        18.77        22.14            19.4            3.04
    112        SUCCESS        4            38        0.3        12.95        22.65            30            8.72
    192        SUCCESS        3            6        0.3        0.3        23.03            44.3            11.37
    150        SUCCESS        4            62        0.3        20.26        23.09            19.1            2.55
    174        SUCCESS        3            8        0.3        15.17        23.14            52.3            3.98
    210        SUCCESS        4            37        0.3        14.67        23.2            13.2            7.68
    97        SUCCESS        4            54        0.3        12.84        23.31            30            9.42
    257        SUCCESS        4            53        0.3        11.12        23.55            17.2            11.19
    176        SUCCESS        3            10        0.3        0.3        23.58            24.7            11.64
    249        SUCCESS        4            32        0.3        14.05        23.73            26.3            8.71
    37        SUCCESS        4            43        0.3        12.13        23.84            45            10.54
    171        SUCCESS        4            48        0.3        16.41        23.84            36.4            6.69
    148        SUCCESS        4            40        0.3        14.4        23.95            14.4            8.6
    113        SUCCESS        4            61        0.3        18.59        23.95            25.6            4.82
    49        SUCCESS        4            41        0.3        12.13        24.1            32.7            10.77
    206        SUCCESS        4            29        0.3        12.13        24.21            25.8            10.87
    248        SUCCESS        4            59        0.3        17.68        24.21            41.5            5.88
    215        SUCCESS        4            20        0.3        19.13        24.32            51.8            4.67
    213        SUCCESS        4            23        0.3        12.02        24.32            45.3            11.07
    121        SUCCESS        4            60        0.3        13.65        24.71            38.2            9.96
    194        SUCCESS        4            47        0.3        19.4        24.82            26.5            4.88
    76        SUCCESS        4            31        0.3        15        24.95            47.2            8.96
    69        SUCCESS        3            13        0.3        12.03        24.98            39.7            6.48
    123        SUCCESS        4            57        0.3        13.94        25.16            44.2            10.1
    114        SUCCESS        4            56        0.3        20.15        25.53            48            4.84
    103        SUCCESS        4            46        0.3        16.09        25.64            25.6            8.6
    199        SUCCESS        4            63        0.3        20.04        25.64            13.1            5.04
    93        SUCCESS        4            35        0.3        22.14        25.75            23.3            3.25
    111        SUCCESS        4            26        0.3        18.89        25.9            37.7            6.3
    187        SUCCESS        4            27        0.3        14.78        26.01            27.1            10.11
    237        SUCCESS        2            1        0.3        0.3        26.11            41.5            7.74
    158        SUCCESS        4            17        0.3        15.8        26.2            41.1            9.36
    178        SUCCESS        3            12        0.3        17.58        26.6            7.8            4.51
    202        SUCCESS        4            42        0.3        21.47        26.67            38.6            4.68
    153        SUCCESS        4            49        0.3        21.25        26.98            38.7            5.16
    87        SUCCESS        4            52        0.3        17.46        27.09            14.2            8.67
    100        SUCCESS        4            24        0.3        19.73        27.2            42.8            6.73
    167        SUCCESS        4            64        0.3        20.26        27.2            28.3            6.25
    233        SUCCESS        4            25        0.3        19.84        27.6            38.1            6.99
    236        SUCCESS        4            16        0.3        20.95        27.71            44.8            6.09
    120        SUCCESS        4            38        0.3        22.65        27.82            55.2            4.66
    229        SUCCESS        4            58        0.3        22.03        28.16            23.3            5.51
    89        SUCCESS        4            41        0.3        24.1        28.27            17.4            3.75
    138        SUCCESS        4            31        0.3        24.95        28.63            6.5            3.31
    211        SUCCESS        4            63        0.3        25.64        28.82            23.8            2.86
    276        SUCCESS        4            19        0.3        20.15        28.93            21.9            7.9
    216        SUCCESS        4            60        0.3        24.71        29.04            35.5            3.9
    204        SUCCESS        4            43        0.3        23.84        29.15            44.2            4.78
    182        SUCCESS        4            57        0.3        25.16        29.15            42.8            3.6
    294        SUCCESS        4            21        0.3        18.48        29.26            30.1            9.7
    160        SUCCESS        4            50        0.3        17.57        29.26            28.2            10.52
    275        SUCCESS        4            34        0.3        20.95        29.37            14.9            7.58
    134        SUCCESS        4            45        0.3        18.04        29.48            41.3            10.29
    188        SUCCESS        4            18        0.3        20.73        29.73            24.7            8.1
    78        SUCCESS        4            33        0.3        20.84        29.84            33.9            8.1
    259        SUCCESS        4            23        0.3        24.32        29.99            28.9            5.1
    200        SUCCESS        4            35        0.3        25.75        30.1            28            3.91
    116        SUCCESS        4            61        0.3        23.95        30.1            26.7            5.53
    181        SUCCESS        3            11        0.3        19.25        30.34            16.9            5.55
    154        SUCCESS        4            52        0.3        27.09        30.54            33.4            3.1
    105        SUCCESS        4            22        0.3        21.58        30.65            38.3            8.16
    141        SUCCESS        4            56        0.3        25.53        30.9            46.4            4.83
    185        SUCCESS        4            36        0.3        21.14        31.08            25.1            8.95
    92        SUCCESS        4            30        0.3        21.36        31.25            29.1            8.91
    230        SUCCESS        4            63        0.3        28.82        31.41            18.6            2.33
    284        SUCCESS        4            37        0.3        23.2        31.58            18.3            7.54
    130        SUCCESS        4            28        0.3        20.62        31.85            23.7            10.1
    168        SUCCESS        4            44        0.3        20.15        31.96            26.3            10.63
    127        SUCCESS        4            41        0.3        28.27        32.07            43.2            3.42
    273        SUCCESS        4            53        0.3        23.55        32.31            10.8            7.88
    231        SUCCESS        4            55        0.3        20.51        32.51            48.4            10.8
    258        SUCCESS        4            29        0.3        24.21        33.26            41.9            8.15
    278        SUCCESS        4            40        0.3        23.95        33.51            22.6            8.61
    186        SUCCESS        4            51        0.3        21.47        33.62            31.3            10.94
    147        SUCCESS        4            38        0.3        27.82        33.79            34.9            5.37
    137        SUCCESS        4            54        0.3        23.31        33.9            13.9            9.53
    157        SUCCESS        4            62        0.3        23.09        33.9            34.1            9.73
    293        SUCCESS        4            45        0.3        29.48        34.01            39.5            4.08
    283        SUCCESS        4            48        0.3        23.84        34.13            42.2            9.26
    180        SUCCESS        4            31        0.3        28.63        34.24            51.9            5.05
    205        SUCCESS        4            36        0.3        31.08        34.24            41.4            2.84
    224        SUCCESS        4            49        0.3        26.98        34.24            16.1            6.53
    285        SUCCESS        4            15        0.3        21.9        34.35            48.1            11.2
    245        SUCCESS        4            42        0.3        26.67        34.35            39.8            6.92
    183        SUCCESS        3            14        0.3        14.54        34.36            49.3            9.91
    193        SUCCESS        4            52        0.3        30.54        34.46            34.5            3.53
    227        SUCCESS        4            57        0.3        29.15        34.46            42.1            4.78
    244        SUCCESS        3            7        0.3        13.13        34.56            15.1            10.71
    207        SUCCESS        4            17        0.3        26.2        34.84            7.5            7.77
    251        SUCCESS        4            32        0.3        23.73        34.95            39.4            10.1
    170        SUCCESS        4            50        0.3        29.26        34.95            43.2            5.12
    189        SUCCESS        3            5        0.3        12.13        35.03            18.6            11.45
    228        SUCCESS        4            20        0.3        24.32        35.12            45.4            9.72
    195        SUCCESS        4            47        0.3        24.82        35.23            25.5            9.37
    184        SUCCESS        3            9        0.3        20.13        35.36            45.4            7.62
    172        SUCCESS        4            26        0.3        25.9        35.51            44            8.66
    136        SUCCESS        4            41        0.3        32.07        35.62            15.4            3.2
    243        SUCCESS        3            10        0.3        23.58        36.69            47            6.56
    208        SUCCESS        4            27        0.3        26.01        36.91            49            9.81
    196        SUCCESS        4            64        0.3        27.2        37.55            38.6            9.31
    40        SUCCESS        2            2        0.3        0.3        37.57            31.4            11.18
    173        SUCCESS        4            61        0.3        30.1        37.67            50.6            6.82
    156        SUCCESS        4            54        0.3        33.9        38.06            16.9            3.74
    152        SUCCESS        4            22        0.3        30.65        38.17            47.3            6.77
    124        SUCCESS        4            33        0.3        29.84        38.17            24.2            7.5
    240        SUCCESS        4            43        0.3        29.15        38.28            53.5            8.22
    197        SUCCESS        4            56        0.3        30.9        38.28            28.2            6.64
    255        SUCCESS        4            30        0.3        31.25        38.39            25.3            6.43
    287        SUCCESS        4            48        0.3        34.13        38.64            44.9            4.06
    272        SUCCESS        4            58        0.3        28.16        38.97            30            9.74
    256        SUCCESS        4            25        0.3        27.6        39.08            31.8            10.33
    297        SUCCESS        4            31        0.3        34.24        39.34            19            4.59
    146        SUCCESS        4            24        0.3        27.2        39.58            23.4            11.14
    223        SUCCESS        4            28        0.3        31.85        39.98            42.8            7.32
    201        SUCCESS        4            35        0.3        30.1        40.44            26            9.31
    253        SUCCESS        4            52        0.3        34.46        40.83            13.7            5.73
    238        SUCCESS        4            36        0.3        34.24        41.16            39.1            6.23
    252        SUCCESS        4            55        0.3        32.51        41.57            29.9            8.15
    241        SUCCESS        4            20        0.3        35.12        41.79            20.3            6
    274        SUCCESS        4            23        0.3        29.99        42.05            35.6            10.86
    163        SUCCESS        4            62        0.3        33.9        42.19            29.9            7.45
    95        SUCCESS        3            13        0.3        24.98        42.21            10.1            8.61
    266        SUCCESS        4            42        0.3        34.35        42.3            53.2            7.15
    277        SUCCESS        4            51        0.3        33.62        42.3            45            7.81
    144        SUCCESS        4            41        0.3        35.62        42.7            31.1            6.37
    232        SUCCESS        4            24        0.3        39.58        42.83            19.9            2.93
    198        SUCCESS        4            38        0.3        33.79        43.01            30.9            8.3
    246        SUCCESS        4            63        0.3        31.41        43.34            25.4            10.73
    222        SUCCESS        4            17        0.3        34.84        43.45            7.8            7.75
    290        SUCCESS        4            48        0.3        38.64        44.36            25.1            5.15
    239        SUCCESS        4            50        0.3        34.95        45.1            56.9            9.14
    242        SUCCESS        3            14        0.3        34.36        45.28            7.8            5.46
    265        SUCCESS        4            26        0.3        35.51        45.52            29.8            9
    250        SUCCESS        4            49        0.3        34.24        45.74            41.2            10.35
    295        SUCCESS        4            45        0.3        34.01        45.85            53.5            10.65
    214        SUCCESS        4            64        0.3        37.55        46.52            37.9            8.07
    299        SUCCESS        4            58        0.3        38.97        46.69            21.9            6.94
    262        SUCCESS        4            63        0.3        43.34        46.8            7.5            3.11
    280        SUCCESS        4            22        0.3        38.17        47.02            37.9            7.97
    219        SUCCESS        4            35        0.3        40.44        47.13            37.5            6.02
    217        SUCCESS        4            27        0.3        36.91        47.24            17            9.3
    218        SUCCESS        4            56        0.3        38.28        47.24            38.4            8.07
    220        SUCCESS        4            47        0.3        35.23        47.61            37.6            11.15
    125        SUCCESS        2            3        0.3        0.3        47.65            33.8            14.2
    254        SUCCESS        4            28        0.3        39.98        47.96            45            7.19
    269        SUCCESS        4            25        0.3        39.08        48.52            48.5            8.5
    289        SUCCESS        4            49        0.3        45.74        48.63            34.7            2.6
    159        SUCCESS        4            54        0.3        38.06        49.3            36.7            10.12
    225        SUCCESS        4            33        0.3        38.17        49.41            20.6            10.12
    212        SUCCESS        4            61        0.3        37.67        49.52            48.7            10.66
    110        SUCCESS        3            13        0.3        42.21        49.73            22.8            3.76
    260        SUCCESS        4            47        0.3        47.61        50.54            30.5            2.63
    263        SUCCESS        4            41        0.3        42.7        50.65            41.2            7.15
    226        SUCCESS        4            56        0.3        47.24        50.76            19.9            3.16
    281        SUCCESS        4            26        0.3        45.52        50.87            34.7            4.81
    291        SUCCESS        4            22        0.3        47.02        51.24            38.7            3.79
    267        SUCCESS        4            63        0.3        46.8        51.38            40.6            4.13
    234        SUCCESS        4            64        0.3        46.52        51.59            38.6            4.57
    261        SUCCESS        4            61        0.3        49.52        52.27            3.6            2.47
    282        SUCCESS        4            38        0.3        43.01        53.33            20.9            9.28
    288        SUCCESS        4            41        0.3        50.65        53.44            25.8            2.51
    271        SUCCESS        4            56        0.3        50.76        53.83            39.6            2.77
    264        SUCCESS        4            27        0.3        47.24        53.94            38.3            6.03
    292        SUCCESS        3            7        0.3        34.56        54.65            50.3            10.05
    235        SUCCESS        4            54        0.3        49.3        56.78            25.6            6.73
    298        SUCCESS        4            33        0.3        49.41        56.99            24.8            6.82
    286        SUCCESS        4            26        0.3        50.87        59.5            18.4            7.77
    268        SUCCESS        4            54        0.3        56.78        60.37            32.3            3.23
    279        SUCCESS        4            47        0.3        50.54        60.48            30.3            8.95
    247        SUCCESS        4            64        0.3        51.59        63.46            18.1            10.68
    296        SUCCESS        4            26        0.3        59.5        63.98            23.3            4.03
makespan: 63.975750000000104
LB: 12.241256491952765
cost: 2086.4697000000047