========== OUTPUT ==========
Cloudlet ID    STATUS    Data center ID    VM ID    Time    Start Time    Finish Time
    5        SUCCESS        2            5        479.99        0.3        480.29
    170        SUCCESS        2            5        479.99        0.3        480.29
    335        SUCCESS        2            5        479.99        0.3        480.29
    10        SUCCESS        2            10        479.99        0.3        480.29
    175        SUCCESS        2            10        479.99        0.3        480.29
    340        SUCCESS        2            10        479.99        0.3        480.29
    15        SUCCESS        2            15        479.99        0.3        480.29
    180        SUCCESS        2            15        479.99        0.3        480.29
    345        SUCCESS        2            15        479.99        0.3        480.29
    20        SUCCESS        2            20        479.99        0.3        480.29
    185        SUCCESS        2            20        479.99        0.3        480.29
    350        SUCCESS        2            20        479.99        0.3        480.29
    25        SUCCESS        2            25        479.99        0.3        480.29
    190        SUCCESS        2            25        479.99        0.3        480.29
    355        SUCCESS        2            25        479.99        0.3        480.29
    30        SUCCESS        2            30        479.99        0.3        480.29
    195        SUCCESS        2            30        479.99        0.3        480.29
    360        SUCCESS        2            30        479.99        0.3        480.29
    35        SUCCESS        2            35        479.99        0.3        480.29
    200        SUCCESS        2            35        479.99        0.3        480.29
    365        SUCCESS        2            35        479.99        0.3        480.29
    40        SUCCESS        2            40        479.99        0.3        480.29
    205        SUCCESS        2            40        479.99        0.3        480.29
    370        SUCCESS        2            40        479.99        0.3        480.29
    45        SUCCESS        2            45        479.99        0.3        480.29
    210        SUCCESS        2            45        479.99        0.3        480.29
    375        SUCCESS        2            45        479.99        0.3        480.29
    50        SUCCESS        2            50        479.99        0.3        480.29
    215        SUCCESS        2            50        479.99        0.3        480.29
    380        SUCCESS        2            50        479.99        0.3        480.29
    6        SUCCESS        2            6        479.99        0.3        480.29
    171        SUCCESS        2            6        479.99        0.3        480.29
    336        SUCCESS        2            6        479.99        0.3        480.29
    11        SUCCESS        2            11        479.99        0.3        480.29
    176        SUCCESS        2            11        479.99        0.3        480.29
    341        SUCCESS        2            11        479.99        0.3        480.29
    16        SUCCESS        2            16        479.99        0.3        480.29
    181        SUCCESS        2            16        479.99        0.3        480.29
    346        SUCCESS        2            16        479.99        0.3        480.29
    21        SUCCESS        2            21        479.99        0.3        480.29
    186        SUCCESS        2            21        479.99        0.3        480.29
    351        SUCCESS        2            21        479.99        0.3        480.29
    26        SUCCESS        2            26        479.99        0.3        480.29
    191        SUCCESS        2            26        479.99        0.3        480.29
    356        SUCCESS        2            26        479.99        0.3        480.29
    31        SUCCESS        2            31        479.99        0.3        480.29
    196        SUCCESS        2            31        479.99        0.3        480.29
    361        SUCCESS        2            31        479.99        0.3        480.29
    36        SUCCESS        2            36        479.99        0.3        480.29
    201        SUCCESS        2            36        479.99        0.3        480.29
    366        SUCCESS        2            36        479.99        0.3        480.29
    41        SUCCESS        2            41        479.99        0.3        480.29
    206        SUCCESS        2            41        479.99        0.3        480.29
    371        SUCCESS        2            41        479.99        0.3        480.29
    46        SUCCESS        2            46        479.99        0.3        480.29
    211        SUCCESS        2            46        479.99        0.3        480.29
    376        SUCCESS        2            46        479.99        0.3        480.29
    51        SUCCESS        2            51        479.99        0.3        480.29
    216        SUCCESS        2            51        479.99        0.3        480.29
    381        SUCCESS        2            51        479.99        0.3        480.29
    7        SUCCESS        2            7        479.99        0.3        480.29
    172        SUCCESS        2            7        479.99        0.3        480.29
    337        SUCCESS        2            7        479.99        0.3        480.29
    12        SUCCESS        2            12        479.99        0.3        480.29
    177        SUCCESS        2            12        479.99        0.3        480.29
    342        SUCCESS        2            12        479.99        0.3        480.29
    17        SUCCESS        2            17        479.99        0.3        480.29
    182        SUCCESS        2            17        479.99        0.3        480.29
    347        SUCCESS        2            17        479.99        0.3        480.29
    22        SUCCESS        2            22        479.99        0.3        480.29
    187        SUCCESS        2            22        479.99        0.3        480.29
    352        SUCCESS        2            22        479.99        0.3        480.29
    27        SUCCESS        2            27        479.99        0.3        480.29
    192        SUCCESS        2            27        479.99        0.3        480.29
    357        SUCCESS        2            27        479.99        0.3        480.29
    32        SUCCESS        2            32        479.99        0.3        480.29
    197        SUCCESS        2            32        479.99        0.3        480.29
    362        SUCCESS        2            32        479.99        0.3        480.29
    37        SUCCESS        2            37        479.99        0.3        480.29
    202        SUCCESS        2            37        479.99        0.3        480.29
    367        SUCCESS        2            37        479.99        0.3        480.29
    42        SUCCESS        2            42        479.99        0.3        480.29
    207        SUCCESS        2            42        479.99        0.3        480.29
    372        SUCCESS        2            42        479.99        0.3        480.29
    47        SUCCESS        2            47        479.99        0.3        480.29
    212        SUCCESS        2            47        479.99        0.3        480.29
    377        SUCCESS        2            47        479.99        0.3        480.29
    52        SUCCESS        2            52        479.99        0.3        480.29
    217        SUCCESS        2            52        479.99        0.3        480.29
    382        SUCCESS        2            52        479.99        0.3        480.29
    8        SUCCESS        2            8        479.99        0.3        480.29
    173        SUCCESS        2            8        479.99        0.3        480.29
    338        SUCCESS        2            8        479.99        0.3        480.29
    13        SUCCESS        2            13        479.99        0.3        480.29
    178        SUCCESS        2            13        479.99        0.3        480.29
    343        SUCCESS        2            13        479.99        0.3        480.29
    18        SUCCESS        2            18        479.99        0.3        480.29
    183        SUCCESS        2            18        479.99        0.3        480.29
    348        SUCCESS        2            18        479.99        0.3        480.29
    23        SUCCESS        2            23        479.99        0.3        480.29
    188        SUCCESS        2            23        479.99        0.3        480.29
    353        SUCCESS        2            23        479.99        0.3        480.29
    28        SUCCESS        2            28        479.99        0.3        480.29
    193        SUCCESS        2            28        479.99        0.3        480.29
    358        SUCCESS        2            28        479.99        0.3        480.29
    33        SUCCESS        2            33        479.99        0.3        480.29
    198        SUCCESS        2            33        479.99        0.3        480.29
    363        SUCCESS        2            33        479.99        0.3        480.29
    38        SUCCESS        2            38        479.99        0.3        480.29
    203        SUCCESS        2            38        479.99        0.3        480.29
    368        SUCCESS        2            38        479.99        0.3        480.29
    43        SUCCESS        2            43        479.99        0.3        480.29
    208        SUCCESS        2            43        479.99        0.3        480.29
    373        SUCCESS        2            43        479.99        0.3        480.29
    48        SUCCESS        2            48        479.99        0.3        480.29
    213        SUCCESS        2            48        479.99        0.3        480.29
    378        SUCCESS        2            48        479.99        0.3        480.29
    53        SUCCESS        2            53        479.99        0.3        480.29
    218        SUCCESS        2            53        479.99        0.3        480.29
    383        SUCCESS        2            53        479.99        0.3        480.29
    9        SUCCESS        2            9        479.99        0.3        480.29
    174        SUCCESS        2            9        479.99        0.3        480.29
    339        SUCCESS        2            9        479.99        0.3        480.29
    14        SUCCESS        2            14        479.99        0.3        480.29
    179        SUCCESS        2            14        479.99        0.3        480.29
    344        SUCCESS        2            14        479.99        0.3        480.29
    19        SUCCESS        2            19        479.99        0.3        480.29
    184        SUCCESS        2            19        479.99        0.3        480.29
    349        SUCCESS        2            19        479.99        0.3        480.29
    24        SUCCESS        2            24        479.99        0.3        480.29
    189        SUCCESS        2            24        479.99        0.3        480.29
    354        SUCCESS        2            24        479.99        0.3        480.29
    29        SUCCESS        2            29        479.99        0.3        480.29
    194        SUCCESS        2            29        479.99        0.3        480.29
    359        SUCCESS        2            29        479.99        0.3        480.29
    34        SUCCESS        2            34        479.99        0.3        480.29
    199        SUCCESS        2            34        479.99        0.3        480.29
    364        SUCCESS        2            34        479.99        0.3        480.29
    39        SUCCESS        2            39        479.99        0.3        480.29
    204        SUCCESS        2            39        479.99        0.3        480.29
    369        SUCCESS        2            39        479.99        0.3        480.29
    44        SUCCESS        2            44        479.99        0.3        480.29
    209        SUCCESS        2            44        479.99        0.3        480.29
    374        SUCCESS        2            44        479.99        0.3        480.29
    49        SUCCESS        2            49        479.99        0.3        480.29
    214        SUCCESS        2            49        479.99        0.3        480.29
    379        SUCCESS        2            49        479.99        0.3        480.29
    54        SUCCESS        2            54        479.99        0.3        480.29
    219        SUCCESS        2            54        479.99        0.3        480.29
    384        SUCCESS        2            54        479.99        0.3        480.29
    55        SUCCESS        3            55        479.99        0.3        480.29
    220        SUCCESS        3            55        479.99        0.3        480.29
    385        SUCCESS        3            55        479.99        0.3        480.29
    60        SUCCESS        3            60        479.99        0.3        480.29
    225        SUCCESS        3            60        479.99        0.3        480.29
    390        SUCCESS        3            60        479.99        0.3        480.29
    65        SUCCESS        3            65        479.99        0.3        480.29
    230        SUCCESS        3            65        479.99        0.3        480.29
    395        SUCCESS        3            65        479.99        0.3        480.29
    70        SUCCESS        3            70        479.99        0.3        480.29
    235        SUCCESS        3            70        479.99        0.3        480.29
    400        SUCCESS        3            70        479.99        0.3        480.29
    75        SUCCESS        3            75        479.99        0.3        480.29
    240        SUCCESS        3            75        479.99        0.3        480.29
    405        SUCCESS        3            75        479.99        0.3        480.29
    80        SUCCESS        3            80        479.99        0.3        480.29
    245        SUCCESS        3            80        479.99        0.3        480.29
    410        SUCCESS        3            80        479.99        0.3        480.29
    85        SUCCESS        3            85        479.99        0.3        480.29
    250        SUCCESS        3            85        479.99        0.3        480.29
    415        SUCCESS        3            85        479.99        0.3        480.29
    90        SUCCESS        3            90        479.99        0.3        480.29
    255        SUCCESS        3            90        479.99        0.3        480.29
    420        SUCCESS        3            90        479.99        0.3        480.29
    95        SUCCESS        3            95        479.99        0.3        480.29
    260        SUCCESS        3            95        479.99        0.3        480.29
    425        SUCCESS        3            95        479.99        0.3        480.29
    100        SUCCESS        3            100        479.99        0.3        480.29
    265        SUCCESS        3            100        479.99        0.3        480.29
    430        SUCCESS        3            100        479.99        0.3        480.29
    105        SUCCESS        3            105        479.99        0.3        480.29
    270        SUCCESS        3            105        479.99        0.3        480.29
    435        SUCCESS        3            105        479.99        0.3        480.29
    56        SUCCESS        3            56        479.99        0.3        480.29
    221        SUCCESS        3            56        479.99        0.3        480.29
    386        SUCCESS        3            56        479.99        0.3        480.29
    61        SUCCESS        3            61        479.99        0.3        480.29
    226        SUCCESS        3            61        479.99        0.3        480.29
    391        SUCCESS        3            61        479.99        0.3        480.29
    66        SUCCESS        3            66        479.99        0.3        480.29
    231        SUCCESS        3            66        479.99        0.3        480.29
    396        SUCCESS        3            66        479.99        0.3        480.29
    71        SUCCESS        3            71        479.99        0.3        480.29
    236        SUCCESS        3            71        479.99        0.3        480.29
    401        SUCCESS        3            71        479.99        0.3        480.29
    76        SUCCESS        3            76        479.99        0.3        480.29
    241        SUCCESS        3            76        479.99        0.3        480.29
    406        SUCCESS        3            76        479.99        0.3        480.29
    81        SUCCESS        3            81        479.99        0.3        480.29
    246        SUCCESS        3            81        479.99        0.3        480.29
    411        SUCCESS        3            81        479.99        0.3        480.29
    86        SUCCESS        3            86        479.99        0.3        480.29
    251        SUCCESS        3            86        479.99        0.3        480.29
    416        SUCCESS        3            86        479.99        0.3        480.29
    91        SUCCESS        3            91        479.99        0.3        480.29
    256        SUCCESS        3            91        479.99        0.3        480.29
    421        SUCCESS        3            91        479.99        0.3        480.29
    96        SUCCESS        3            96        479.99        0.3        480.29
    261        SUCCESS        3            96        479.99        0.3        480.29
    426        SUCCESS        3            96        479.99        0.3        480.29
    101        SUCCESS        3            101        479.99        0.3        480.29
    266        SUCCESS        3            101        479.99        0.3        480.29
    431        SUCCESS        3            101        479.99        0.3        480.29
    106        SUCCESS        3            106        479.99        0.3        480.29
    271        SUCCESS        3            106        479.99        0.3        480.29
    436        SUCCESS        3            106        479.99        0.3        480.29
    57        SUCCESS        3            57        479.99        0.3        480.29
    222        SUCCESS        3            57        479.99        0.3        480.29
    387        SUCCESS        3            57        479.99        0.3        480.29
    62        SUCCESS        3            62        479.99        0.3        480.29
    227        SUCCESS        3            62        479.99        0.3        480.29
    392        SUCCESS        3            62        479.99        0.3        480.29
    67        SUCCESS        3            67        479.99        0.3        480.29
    232        SUCCESS        3            67        479.99        0.3        480.29
    397        SUCCESS        3            67        479.99        0.3        480.29
    72        SUCCESS        3            72        479.99        0.3        480.29
    237        SUCCESS        3            72        479.99        0.3        480.29
    402        SUCCESS        3            72        479.99        0.3        480.29
    77        SUCCESS        3            77        479.99        0.3        480.29
    242        SUCCESS        3            77        479.99        0.3        480.29
    407        SUCCESS        3            77        479.99        0.3        480.29
    82        SUCCESS        3            82        479.99        0.3        480.29
    247        SUCCESS        3            82        479.99        0.3        480.29
    412        SUCCESS        3            82        479.99        0.3        480.29
    87        SUCCESS        3            87        479.99        0.3        480.29
    252        SUCCESS        3            87        479.99        0.3        480.29
    417        SUCCESS        3            87        479.99        0.3        480.29
    92        SUCCESS        3            92        479.99        0.3        480.29
    257        SUCCESS        3            92        479.99        0.3        480.29
    422        SUCCESS        3            92        479.99        0.3        480.29
    97        SUCCESS        3            97        479.99        0.3        480.29
    262        SUCCESS        3            97        479.99        0.3        480.29
    427        SUCCESS        3            97        479.99        0.3        480.29
    102        SUCCESS        3            102        479.99        0.3        480.29
    267        SUCCESS        3            102        479.99        0.3        480.29
    432        SUCCESS        3            102        479.99        0.3        480.29
    107        SUCCESS        3            107        479.99        0.3        480.29
    272        SUCCESS        3            107        479.99        0.3        480.29
    437        SUCCESS        3            107        479.99        0.3        480.29
    58        SUCCESS        3            58        479.99        0.3        480.29
    223        SUCCESS        3            58        479.99        0.3        480.29
    388        SUCCESS        3            58        479.99        0.3        480.29
    63        SUCCESS        3            63        479.99        0.3        480.29
    228        SUCCESS        3            63        479.99        0.3        480.29
    393        SUCCESS        3            63        479.99        0.3        480.29
    68        SUCCESS        3            68        479.99        0.3        480.29
    233        SUCCESS        3            68        479.99        0.3        480.29
    398        SUCCESS        3            68        479.99        0.3        480.29
    73        SUCCESS        3            73        479.99        0.3        480.29
    238        SUCCESS        3            73        479.99        0.3        480.29
    403        SUCCESS        3            73        479.99        0.3        480.29
    78        SUCCESS        3            78        479.99        0.3        480.29
    243        SUCCESS        3            78        479.99        0.3        480.29
    408        SUCCESS        3            78        479.99        0.3        480.29
    83        SUCCESS        3            83        479.99        0.3        480.29
    248        SUCCESS        3            83        479.99        0.3        480.29
    413        SUCCESS        3            83        479.99        0.3        480.29
    88        SUCCESS        3            88        479.99        0.3        480.29
    253        SUCCESS        3            88        479.99        0.3        480.29
    418        SUCCESS        3            88        479.99        0.3        480.29
    93        SUCCESS        3            93        479.99        0.3        480.29
    258        SUCCESS        3            93        479.99        0.3        480.29
    423        SUCCESS        3            93        479.99        0.3        480.29
    98        SUCCESS        3            98        479.99        0.3        480.29
    263        SUCCESS        3            98        479.99        0.3        480.29
    428        SUCCESS        3            98        479.99        0.3        480.29
    103        SUCCESS        3            103        479.99        0.3        480.29
    268        SUCCESS        3            103        479.99        0.3        480.29
    433        SUCCESS        3            103        479.99        0.3        480.29
    108        SUCCESS        3            108        479.99        0.3        480.29
    273        SUCCESS        3            108        479.99        0.3        480.29
    438        SUCCESS        3            108        479.99        0.3        480.29
    59        SUCCESS        3            59        479.99        0.3        480.29
    224        SUCCESS        3            59        479.99        0.3        480.29
    389        SUCCESS        3            59        479.99        0.3        480.29
    64        SUCCESS        3            64        479.99        0.3        480.29
    229        SUCCESS        3            64        479.99        0.3        480.29
    394        SUCCESS        3            64        479.99        0.3        480.29
    69        SUCCESS        3            69        479.99        0.3        480.29
    234        SUCCESS        3            69        479.99        0.3        480.29
    399        SUCCESS        3            69        479.99        0.3        480.29
    74        SUCCESS        3            74        479.99        0.3        480.29
    239        SUCCESS        3            74        479.99        0.3        480.29
    404        SUCCESS        3            74        479.99        0.3        480.29
    79        SUCCESS        3            79        479.99        0.3        480.29
    244        SUCCESS        3            79        479.99        0.3        480.29
    409        SUCCESS        3            79        479.99        0.3        480.29
    84        SUCCESS        3            84        479.99        0.3        480.29
    249        SUCCESS        3            84        479.99        0.3        480.29
    414        SUCCESS        3            84        479.99        0.3        480.29
    89        SUCCESS        3            89        479.99        0.3        480.29
    254        SUCCESS        3            89        479.99        0.3        480.29
    419        SUCCESS        3            89        479.99        0.3        480.29
    94        SUCCESS        3            94        479.99        0.3        480.29
    259        SUCCESS        3            94        479.99        0.3        480.29
    424        SUCCESS        3            94        479.99        0.3        480.29
    99        SUCCESS        3            99        479.99        0.3        480.29
    264        SUCCESS        3            99        479.99        0.3        480.29
    429        SUCCESS        3            99        479.99        0.3        480.29
    104        SUCCESS        3            104        479.99        0.3        480.29
    269        SUCCESS        3            104        479.99        0.3        480.29
    434        SUCCESS        3            104        479.99        0.3        480.29
    109        SUCCESS        3            109        479.99        0.3        480.29
    274        SUCCESS        3            109        479.99        0.3        480.29
    439        SUCCESS        3            109        479.99        0.3        480.29
    110        SUCCESS        4            110        479.99        0.3        480.29
    275        SUCCESS        4            110        479.99        0.3        480.29
    440        SUCCESS        4            110        479.99        0.3        480.29
    115        SUCCESS        4            115        479.99        0.3        480.29
    280        SUCCESS        4            115        479.99        0.3        480.29
    445        SUCCESS        4            115        479.99        0.3        480.29
    120        SUCCESS        4            120        479.99        0.3        480.29
    285        SUCCESS        4            120        479.99        0.3        480.29
    450        SUCCESS        4            120        479.99        0.3        480.29
    125        SUCCESS        4            125        479.99        0.3        480.29
    290        SUCCESS        4            125        479.99        0.3        480.29
    455        SUCCESS        4            125        479.99        0.3        480.29
    130        SUCCESS        4            130        479.99        0.3        480.29
    295        SUCCESS        4            130        479.99        0.3        480.29
    460        SUCCESS        4            130        479.99        0.3        480.29
    135        SUCCESS        4            135        479.99        0.3        480.29
    300        SUCCESS        4            135        479.99        0.3        480.29
    465        SUCCESS        4            135        479.99        0.3        480.29
    140        SUCCESS        4            140        479.99        0.3        480.29
    305        SUCCESS        4            140        479.99        0.3        480.29
    470        SUCCESS        4            140        479.99        0.3        480.29
    145        SUCCESS        4            145        479.99        0.3        480.29
    310        SUCCESS        4            145        479.99        0.3        480.29
    475        SUCCESS        4            145        479.99        0.3        480.29
    150        SUCCESS        4            150        479.99        0.3        480.29
    315        SUCCESS        4            150        479.99        0.3        480.29
    480        SUCCESS        4            150        479.99        0.3        480.29
    155        SUCCESS        4            155        479.99        0.3        480.29
    320        SUCCESS        4            155        479.99        0.3        480.29
    485        SUCCESS        4            155        479.99        0.3        480.29
    160        SUCCESS        4            160        479.99        0.3        480.29
    325        SUCCESS        4            160        479.99        0.3        480.29
    490        SUCCESS        4            160        479.99        0.3        480.29
    111        SUCCESS        4            111        479.99        0.3        480.29
    276        SUCCESS        4            111        479.99        0.3        480.29
    441        SUCCESS        4            111        479.99        0.3        480.29
    116        SUCCESS        4            116        479.99        0.3        480.29
    281        SUCCESS        4            116        479.99        0.3        480.29
    446        SUCCESS        4            116        479.99        0.3        480.29
    121        SUCCESS        4            121        479.99        0.3        480.29
    286        SUCCESS        4            121        479.99        0.3        480.29
    451        SUCCESS        4            121        479.99        0.3        480.29
    126        SUCCESS        4            126        479.99        0.3        480.29
    291        SUCCESS        4            126        479.99        0.3        480.29
    456        SUCCESS        4            126        479.99        0.3        480.29
    131        SUCCESS        4            131        479.99        0.3        480.29
    296        SUCCESS        4            131        479.99        0.3        480.29
    461        SUCCESS        4            131        479.99        0.3        480.29
    136        SUCCESS        4            136        479.99        0.3        480.29
    301        SUCCESS        4            136        479.99        0.3        480.29
    466        SUCCESS        4            136        479.99        0.3        480.29
    141        SUCCESS        4            141        479.99        0.3        480.29
    306        SUCCESS        4            141        479.99        0.3        480.29
    471        SUCCESS        4            141        479.99        0.3        480.29
    146        SUCCESS        4            146        479.99        0.3        480.29
    311        SUCCESS        4            146        479.99        0.3        480.29
    476        SUCCESS        4            146        479.99        0.3        480.29
    151        SUCCESS        4            151        479.99        0.3        480.29
    316        SUCCESS        4            151        479.99        0.3        480.29
    481        SUCCESS        4            151        479.99        0.3        480.29
    156        SUCCESS        4            156        479.99        0.3        480.29
    321        SUCCESS        4            156        479.99        0.3        480.29
    486        SUCCESS        4            156        479.99        0.3        480.29
    161        SUCCESS        4            161        479.99        0.3        480.29
    326        SUCCESS        4            161        479.99        0.3        480.29
    491        SUCCESS        4            161        479.99        0.3        480.29
    112        SUCCESS        4            112        479.99        0.3        480.29
    277        SUCCESS        4            112        479.99        0.3        480.29
    442        SUCCESS        4            112        479.99        0.3        480.29
    117        SUCCESS        4            117        479.99        0.3        480.29
    282        SUCCESS        4            117        479.99        0.3        480.29
    447        SUCCESS        4            117        479.99        0.3        480.29
    122        SUCCESS        4            122        479.99        0.3        480.29
    287        SUCCESS        4            122        479.99        0.3        480.29
    452        SUCCESS        4            122        479.99        0.3        480.29
    127        SUCCESS        4            127        479.99        0.3        480.29
    292        SUCCESS        4            127        479.99        0.3        480.29
    457        SUCCESS        4            127        479.99        0.3        480.29
    132        SUCCESS        4            132        479.99        0.3        480.29
    297        SUCCESS        4            132        479.99        0.3        480.29
    462        SUCCESS        4            132        479.99        0.3        480.29
    137        SUCCESS        4            137        479.99        0.3        480.29
    302        SUCCESS        4            137        479.99        0.3        480.29
    467        SUCCESS        4            137        479.99        0.3        480.29
    142        SUCCESS        4            142        479.99        0.3        480.29
    307        SUCCESS        4            142        479.99        0.3        480.29
    472        SUCCESS        4            142        479.99        0.3        480.29
    147        SUCCESS        4            147        479.99        0.3        480.29
    312        SUCCESS        4            147        479.99        0.3        480.29
    477        SUCCESS        4            147        479.99        0.3        480.29
    152        SUCCESS        4            152        479.99        0.3        480.29
    317        SUCCESS        4            152        479.99        0.3        480.29
    482        SUCCESS        4            152        479.99        0.3        480.29
    157        SUCCESS        4            157        479.99        0.3        480.29
    322        SUCCESS        4            157        479.99        0.3        480.29
    487        SUCCESS        4            157        479.99        0.3        480.29
    162        SUCCESS        4            162        479.99        0.3        480.29
    327        SUCCESS        4            162        479.99        0.3        480.29
    492        SUCCESS        4            162        479.99        0.3        480.29
    113        SUCCESS        4            113        479.99        0.3        480.29
    278        SUCCESS        4            113        479.99        0.3        480.29
    443        SUCCESS        4            113        479.99        0.3        480.29
    118        SUCCESS        4            118        479.99        0.3        480.29
    283        SUCCESS        4            118        479.99        0.3        480.29
    448        SUCCESS        4            118        479.99        0.3        480.29
    123        SUCCESS        4            123        479.99        0.3        480.29
    288        SUCCESS        4            123        479.99        0.3        480.29
    453        SUCCESS        4            123        479.99        0.3        480.29
    128        SUCCESS        4            128        479.99        0.3        480.29
    293        SUCCESS        4            128        479.99        0.3        480.29
    458        SUCCESS        4            128        479.99        0.3        480.29
    133        SUCCESS        4            133        479.99        0.3        480.29
    298        SUCCESS        4            133        479.99        0.3        480.29
    463        SUCCESS        4            133        479.99        0.3        480.29
    138        SUCCESS        4            138        479.99        0.3        480.29
    303        SUCCESS        4            138        479.99        0.3        480.29
    468        SUCCESS        4            138        479.99        0.3        480.29
    143        SUCCESS        4            143        479.99        0.3        480.29
    308        SUCCESS        4            143        479.99        0.3        480.29
    473        SUCCESS        4            143        479.99        0.3        480.29
    148        SUCCESS        4            148        479.99        0.3        480.29
    313        SUCCESS        4            148        479.99        0.3        480.29
    478        SUCCESS        4            148        479.99        0.3        480.29
    153        SUCCESS        4            153        479.99        0.3        480.29
    318        SUCCESS        4            153        479.99        0.3        480.29
    483        SUCCESS        4            153        479.99        0.3        480.29
    158        SUCCESS        4            158        479.99        0.3        480.29
    323        SUCCESS        4            158        479.99        0.3        480.29
    488        SUCCESS        4            158        479.99        0.3        480.29
    163        SUCCESS        4            163        479.99        0.3        480.29
    328        SUCCESS        4            163        479.99        0.3        480.29
    493        SUCCESS        4            163        479.99        0.3        480.29
    114        SUCCESS        4            114        479.99        0.3        480.29
    279        SUCCESS        4            114        479.99        0.3        480.29
    444        SUCCESS        4            114        479.99        0.3        480.29
    119        SUCCESS        4            119        479.99        0.3        480.29
    284        SUCCESS        4            119        479.99        0.3        480.29
    449        SUCCESS        4            119        479.99        0.3        480.29
    124        SUCCESS        4            124        479.99        0.3        480.29
    289        SUCCESS        4            124        479.99        0.3        480.29
    454        SUCCESS        4            124        479.99        0.3        480.29
    129        SUCCESS        4            129        479.99        0.3        480.29
    294        SUCCESS        4            129        479.99        0.3        480.29
    459        SUCCESS        4            129        479.99        0.3        480.29
    134        SUCCESS        4            134        479.99        0.3        480.29
    299        SUCCESS        4            134        479.99        0.3        480.29
    464        SUCCESS        4            134        479.99        0.3        480.29
    139        SUCCESS        4            139        479.99        0.3        480.29
    304        SUCCESS        4            139        479.99        0.3        480.29
    469        SUCCESS        4            139        479.99        0.3        480.29
    144        SUCCESS        4            144        479.99        0.3        480.29
    309        SUCCESS        4            144        479.99        0.3        480.29
    474        SUCCESS        4            144        479.99        0.3        480.29
    149        SUCCESS        4            149        479.99        0.3        480.29
    314        SUCCESS        4            149        479.99        0.3        480.29
    479        SUCCESS        4            149        479.99        0.3        480.29
    154        SUCCESS        4            154        479.99        0.3        480.29
    319        SUCCESS        4            154        479.99        0.3        480.29
    484        SUCCESS        4            154        479.99        0.3        480.29
    159        SUCCESS        4            159        479.99        0.3        480.29
    324        SUCCESS        4            159        479.99        0.3        480.29
    489        SUCCESS        4            159        479.99        0.3        480.29
    164        SUCCESS        4            164        479.99        0.3        480.29
    329        SUCCESS        4            164        479.99        0.3        480.29
    494        SUCCESS        4            164        479.99        0.3        480.29
    0        SUCCESS        2            0        639.99        0.3        640.29
    165        SUCCESS        2            0        639.99        0.3        640.29
    330        SUCCESS        2            0        639.99        0.3        640.29
    495        SUCCESS        2            0        639.99        0.3        640.29
    1        SUCCESS        2            1        639.99        0.3        640.29
    166        SUCCESS        2            1        639.99        0.3        640.29
    331        SUCCESS        2            1        639.99        0.3        640.29
    496        SUCCESS        2            1        639.99        0.3        640.29
    2        SUCCESS        2            2        639.99        0.3        640.29
    167        SUCCESS        2            2        639.99        0.3        640.29
    332        SUCCESS        2            2        639.99        0.3        640.29
    497        SUCCESS        2            2        639.99        0.3        640.29
    3        SUCCESS        2            3        639.99        0.3        640.29
    168        SUCCESS        2            3        639.99        0.3        640.29
    333        SUCCESS        2            3        639.99        0.3        640.29
    498        SUCCESS        2            3        639.99        0.3        640.29
    4        SUCCESS        2            4        639.99        0.3        640.29
    169        SUCCESS        2            4        639.99        0.3        640.29
    334        SUCCESS        2            4        639.99        0.3        640.29
    499        SUCCESS        2            4        639.99        0.3        640.29
Q Learning Scheduliung Test Finished.