Cloudlet ID    STATUS    Data center ID    VM ID    Time    Start Time    Finish Time    BWCost    CPUCost
    39        SUCCESS        4            5        0.3        0.3        2.96            19.2            2.39
    67        SUCCESS        4            9        0.3        0.3        3.75            43.5            3.1
    79        SUCCESS        4            8        0.3        0.3        3.86            39.7            3.21
    91        SUCCESS        4            6        0.3        0.3        4.11            32.5            3.43
    29        SUCCESS        3            4        0.3        0.3        5.42            20.3            2.56
    46        SUCCESS        4            7        0.3        0.3        5.62            30.3            4.79
    68        SUCCESS        4            5        0.3        2.96        6.32            43            3.02
    13        SUCCESS        3            3        0.3        0.3        6.62            45            3.16
    51        SUCCESS        3            2        0.3        0.3        6.98            19.4            3.34
    15        SUCCESS        4            5        0.3        6.32        9.74            37.6            3.08
    88        SUCCESS        4            6        0.3        4.11        9.85            45.9            5.17
    2        SUCCESS        4            9        0.3        3.75        9.96            38.9            5.6
    12        SUCCESS        4            8        0.3        3.86        10.89            56.9            6.33
    84        SUCCESS        4            7        0.3        5.62        11.57            39.6            5.35
    22        SUCCESS        3            4        0.3        5.42        12.15            50.4            3.36
    50        SUCCESS        4            5        0.3        9.74        13.99            45.9            3.82
    77        SUCCESS        3            2        0.3        6.98        14.04            35.2            3.53
    21        SUCCESS        3            3        0.3        6.62        14.25            27.2            3.81
    93        SUCCESS        2            0        0.3        0.3        14.33            23.3            4.21
    56        SUCCESS        4            6        0.3        9.85        15.71            19.2            5.27
    58        SUCCESS        4            9        0.3        9.96        16.48            37.7            5.87
    89        SUCCESS        2            1        0.3        0.3        16.59            17.4            4.89
    81        SUCCESS        4            7        0.3        11.57        18.28            41.5            6.04
    94        SUCCESS        4            8        0.3        10.89        18.64            32.8            6.98
    31        SUCCESS        3            4        0.3        12.15        18.9            26.2            3.38
    47        SUCCESS        4            5        0.3        13.99        20.72            48.7            6.05
    26        SUCCESS        4            6        0.3        15.71        21.75            18.4            5.43
    45        SUCCESS        4            9        0.3        16.48        23.41            27.9            6.23
    16        SUCCESS        3            3        0.3        14.25        25.3            32            5.53
    73        SUCCESS        4            7        0.3        18.28        25.65            28.3            6.64
    14        SUCCESS        3            4        0.3        18.9        26.18            26.6            3.64
    24        SUCCESS        4            8        0.3        18.64        26.51            23.3            7.08
    60        SUCCESS        4            6        0.3        21.75        28.87            40.7            6.41
    75        SUCCESS        3            2        0.3        14.04        28.98            17.6            7.47
    74        SUCCESS        4            5        0.3        20.72        29.55            39.4            7.95
    7        SUCCESS        4            9        0.3        23.41        32.13            53.8            7.85
    63        SUCCESS        2            0        0.3        14.33        32.71            28.2            5.51
    23        SUCCESS        4            7        0.3        25.65        33.43            19.2            7
    32        SUCCESS        4            8        0.3        26.51        34.5            11.2            7.19
    55        SUCCESS        2            1        0.3        16.59        35.87            28.3            5.78
    48        SUCCESS        3            4        0.3        26.18        36.47            6            5.14
    59        SUCCESS        4            6        0.3        28.87        37.31            13.4            7.6
    28        SUCCESS        4            5        0.3        29.55        39.02            39            8.53
    10        SUCCESS        3            3        0.3        25.3        40.17            38.9            7.44
    83        SUCCESS        4            9        0.3        32.13        41.36            31.6            8.31
    36        SUCCESS        4            7        0.3        33.43        42.35            13.3            8.03
    38        SUCCESS        4            8        0.3        34.5        43.2            36.9            7.83
    0        SUCCESS        3            2        0.3        28.98        44.66            48.6            7.84
    42        SUCCESS        4            6        0.3        37.31        46.31            30.6            8.1
    64        SUCCESS        4            5        0.3        39.02        48.78            13.7            8.78
    9        SUCCESS        3            4        0.3        36.47        50.41            15.8            6.97
    40        SUCCESS        4            9        0.3        41.36        50.68            31.4            8.39
    70        SUCCESS        4            7        0.3        42.35        52.27            27.8            8.92
    54        SUCCESS        4            8        0.3        43.2        52.82            54.9            8.66
    66        SUCCESS        2            0        0.3        32.71        53.44            7.8            6.22
    4        SUCCESS        4            6        0.3        46.31        55.68            24.2            8.43
    82        SUCCESS        2            1        0.3        35.87        55.74            18.7            5.96
    95        SUCCESS        3            3        0.3        40.17        57.4            10.1            8.61
    57        SUCCESS        3            2        0.3        44.66        60.77            17            8.06
    85        SUCCESS        4            5        0.3        48.78        60.8            56.8            10.82
    33        SUCCESS        4            9        0.3        50.68        61.27            14.6            9.53
    76        SUCCESS        4            7        0.3        52.27        62.22            47.2            8.96
    80        SUCCESS        4            8        0.3        52.82        62.96            51.2            9.12
    87        SUCCESS        4            6        0.3        55.68        65.26            14.2            8.62
    11        SUCCESS        3            4        0.3        50.41        66.6            42.6            8.1
    44        SUCCESS        4            9        0.3        61.27        72.04            28.7            9.69
    35        SUCCESS        4            7        0.3        62.22        72.99            6.5            9.69
    30        SUCCESS        4            8        0.3        62.96        74.77            20.6            10.63
    5        SUCCESS        3            3        0.3        57.4        76.82            32.4            9.71
    41        SUCCESS        2            1        0.3        55.74        77.6            22.4            6.56
    90        SUCCESS        3            2        0.3        60.77        78.85            32.4            9.04
    27        SUCCESS        4            9        0.3        72.04        82.98            16.5            9.85
    72        SUCCESS        4            7        0.3        72.99        84.03            22.4            9.94
    78        SUCCESS        3            4        0.3        66.6        84.56            33.9            8.98
    52        SUCCESS        2            0        0.3        53.44        86.06            36.8            9.78
    6        SUCCESS        4            8        0.3        74.77        86.58            46.6            10.63
    37        SUCCESS        4            7        0.3        84.03        95.71            45            10.51
    61        SUCCESS        3            3        0.3        76.82        98.27            18            10.73
    92        SUCCESS        3            2        0.3        78.85        98.64            29.1            9.9
    19        SUCCESS        4            8        0.3        86.58        99.01            34.7            11.19
    25        SUCCESS        2            1        0.3        77.6        100.18            22.1            6.77
    97        SUCCESS        3            4        0.3        84.56        105.43            30            10.44
    62        SUCCESS        3            2        0.3        98.64        118.94            25.2            10.15
    65        SUCCESS        2            0        0.3        86.06        121.66            20.8            10.68
    3        SUCCESS        2            1        0.3        100.18        123.04            10.1            6.86
    1        SUCCESS        3            4        0.3        105.43        128.66            20.1            11.61
    17        SUCCESS        3            2        0.3        118.94        139.38            23.8            10.22
    43        SUCCESS        2            1        0.3        123.04        146.49            50.4            7.04
    71        SUCCESS        3            2        0.3        139.38        162.94            5.3            11.78
    98        SUCCESS        2            0        0.3        121.66        163.34            4.8            12.51
    69        SUCCESS        2            1        0.3        146.49        172.4            39.7            7.77
    8        SUCCESS        2            1        0.3        172.4        207.06            18.6            10.4
    99        SUCCESS        2            0        0.3        163.34        208.26            23.7            13.47
    86        SUCCESS        2            1        0.3        207.06        242.15            45            10.53
    34        SUCCESS        2            0        0.3        208.26        256.58            48.7            14.5
    18        SUCCESS        2            1        0.3        242.15        279.36            12.2            11.16
    96        SUCCESS        2            0        0.3        256.58        306.37            42.6            14.94
    53        SUCCESS        2            1        0.3        279.36        320.43            29.5            12.32
    20        SUCCESS        2            1        0.3        320.43        362.82            15.8            12.72
    49        SUCCESS        2            1        0.3        362.82        410.69            32.7            14.36
makespan: 410.692
LB: 109.9433151867958
cost: 771.4484249999998

SARSA/Q Learning