    99814        SUCCESS        4            61        0.3        9093.87        9101.17            23.7            6.58
    94918        SUCCESS        4            74        0.3        9095.71        9101.35            20.7            5.07
    85182        SUCCESS        4            95        0.3        9096.18        9101.56            21.2            4.85
    97851        SUCCESS        4            87        0.3        9099.02        9101.91            19.4            2.6
    89011        SUCCESS        3            18        0.3        9097.01        9103.07            37.8            3.03
    97124        SUCCESS        4            78        0.3        9096.04        9103.64            14.8            6.84
    97680        SUCCESS        4            76        0.3        9099.8        9104.21            12.2            3.97
    93311        SUCCESS        4            92        0.3        9096.9        9105.3            25.4            7.56
    85249        SUCCESS        4            95        0.3        9101.56        9106.19            27.8            4.16
    94929        SUCCESS        4            74        0.3        9101.35        9106.6            21.6            4.72
    88922        SUCCESS        3            19        0.3        9082.48        9107.01            31.2            12.26
    99860        SUCCESS        4            61        0.3        9101.17        9107.1            15.5            5.33
    97356        SUCCESS        4            41        0.3        9099.97        9107.81            20.1            7.05
    98027        SUCCESS        4            87        0.3        9101.91        9107.92            22.8            5.41
    97189        SUCCESS        4            78        0.3        9103.64        9111.13            32.5            6.74
    97685        SUCCESS        4            76        0.3        9104.21        9111.81            10.8            6.84
    94951        SUCCESS        4            74        0.3        9106.6        9111.98            13.1            4.85
    98742        SUCCESS        4            94        0.3        9100.6        9112.61            11.6            10.81
    93750        SUCCESS        4            93        0.3        9100.26        9112.72            9.4            11.21
    89698        SUCCESS        3            19        0.3        9107.01        9114.32            19            3.66
    94564        SUCCESS        2            8        0.3        9077.67        9114.49            9.4            11.05
    95056        SUCCESS        4            74        0.3        9111.98        9115.46            20.2            3.13
    93314        SUCCESS        4            92        0.3        9105.3        9115.57            24.3            9.24
    93775        SUCCESS        4            93        0.3        9112.72        9116.39            31.7            3.3
    98775        SUCCESS        4            94        0.3        9112.61        9117.52            16.4            4.41
    98036        SUCCESS        4            87        0.3        9107.92        9118.63            18.1            9.64
    85317        SUCCESS        4            95        0.3        9106.19        9118.74            15.6            11.3
    97281        SUCCESS        4            78        0.3        9111.13        9118.9            29.6            6.99
    93348        SUCCESS        4            92        0.3        9115.57        9119.42            26.9            3.47
    97499        SUCCESS        4            41        0.3        9107.81        9120.1            9.6            11.06
    89873        SUCCESS        3            19        0.3        9114.32        9120.21            34.7            2.94
    97735        SUCCESS        4            76        0.3        9111.81        9122.1            11.4            9.26
    95127        SUCCESS        4            74        0.3        9115.46        9122.32            8            6.17
    98864        SUCCESS        4            94        0.3        9117.52        9122.44            31.6            4.43
    96004        SUCCESS        2            0        0.3        9083.35        9122.86            12.9            11.85
    93783        SUCCESS        4            93        0.3        9116.39        9122.94            17.2            5.89
    89334        SUCCESS        3            18        0.3        9103.07        9124.09            8.8            10.51
    93568        SUCCESS        4            92        0.3        9119.42        9126.4            16.9            6.28
    97563        SUCCESS        4            41        0.3        9120.1        9127.51            11.7            6.67
    95196        SUCCESS        4            74        0.3        9122.32        9127.71            23.3            4.85
    99009        SUCCESS        4            94        0.3        9122.44        9127.88            24.4            4.9
    90018        SUCCESS        3            19        0.3        9120.21        9128.64            21.1            4.22
    97341        SUCCESS        4            78        0.3        9118.9        9128.94            27.1            9.03
    97771        SUCCESS        4            76        0.3        9122.1        9129.05            32.4            6.26
    93944        SUCCESS        4            93        0.3        9122.94        9129.16            22.3            5.6
    98174        SUCCESS        4            87        0.3        9118.63        9129.3            28.1            9.6
    85339        SUCCESS        4            95        0.3        9118.74        9129.62            30.5            9.79
    99183        SUCCESS        4            94        0.3        9127.88        9132.51            33.3            4.16
    97505        SUCCESS        4            78        0.3        9128.94        9133.26            16.2            3.89
    93999        SUCCESS        4            93        0.3        9129.16        9134.72            17.6            5.01
    85360        SUCCESS        4            95        0.3        9129.62        9134.88            14.3            4.74
    99205        SUCCESS        4            94        0.3        9132.51        9135.24            18.3            2.46
    97775        SUCCESS        4            76        0.3        9129.05        9137.33            26.9            7.45
    97530        SUCCESS        4            78        0.3        9133.26        9137.73            15.4            4.03
    98218        SUCCESS        4            87        0.3        9129.3        9137.84            32            7.69
    93680        SUCCESS        4            92        0.3        9126.4        9138.07            31.2            10.51
    95210        SUCCESS        4            74        0.3        9127.71        9138.51            20.5            9.72
    97566        SUCCESS        4            41        0.3        9127.51        9138.79            15.4            10.15
    91696        SUCCESS        2            9        0.3        9092.65        9139.07            17.9            13.93
    85402        SUCCESS        4            95        0.3        9134.88        9139.67            12.6            4.31
    90475        SUCCESS        3            19        0.3        9128.64        9140.44            13.5            5.9
    94788        SUCCESS        2            8        0.3        9114.49        9141.24            9.6            8.03
    94029        SUCCESS        4            93        0.3        9134.72        9141.91            24            6.47
    98246        SUCCESS        4            87        0.3        9137.84        9142.02            11.7            3.76
    93862        SUCCESS        4            92        0.3        9138.07        9143.89            22.1            5.24
    99320        SUCCESS        4            94        0.3        9135.24        9144.13            13.8            8
    94056        SUCCESS        4            93        0.3        9141.91        9144.75            15.8            2.56
    95351        SUCCESS        4            74        0.3        9138.51        9145.58            29.2            6.37
    97618        SUCCESS        4            78        0.3        9137.73        9145.69            33.2            7.16
    89622        SUCCESS        3            18        0.3        9124.09        9146.25            17.8            11.08
    85432        SUCCESS        4            95        0.3        9139.67        9148.19            17.8            7.67
    94080        SUCCESS        4            92        0.3        9143.89        9148.72            9.2            4.35
    97819        SUCCESS        4            76        0.3        9137.33        9149.44            31.5            10.9
    99382        SUCCESS        4            94        0.3        9144.13        9149.73            20.5            5.04
    97659        SUCCESS        4            41        0.3        9138.79        9149.98            21.9            10.07
    97624        SUCCESS        4            78        0.3        9145.69        9150.25            17            4.1
    94086        SUCCESS        4            93        0.3        9144.75        9150.47            34            5.14
    97863        SUCCESS        4            76        0.3        9149.44        9152.9            2.8            3.12
    98286        SUCCESS        4            87        0.3        9142.02        9153.03            24.3            9.9
    99386        SUCCESS        4            94        0.3        9149.73        9154.48            31.2            4.28
    97677        SUCCESS        4            41        0.3        9149.98        9154.59            16.3            4.15
    91700        SUCCESS        2            9        0.3        9139.07        9155.29            27            4.86
    95355        SUCCESS        4            74        0.3        9145.58        9155.55            10.6            8.97
    97653        SUCCESS        4            78        0.3        9150.25        9155.98            34.1            5.16
    94183        SUCCESS        4            92        0.3        9148.72        9156.87            33.5            7.34
    89636        SUCCESS        3            18        0.3        9146.25        9158.23            15.3            5.99
    85491        SUCCESS        4            95        0.3        9148.19        9158.46            23.3            9.24
    94126        SUCCESS        4            93        0.3        9150.47        9158.69            9.3            7.4
    90572        SUCCESS        3            19        0.3        9140.44        9160.76            23.3            10.16
    98330        SUCCESS        4            87        0.3        9153.03        9161.08            30.5            7.24
    99491        SUCCESS        4            94        0.3        9154.48        9161.39            27.2            6.22
    95422        SUCCESS        4            74        0.3        9155.55        9162.14            22.6            5.93
    97950        SUCCESS        4            76        0.3        9152.9        9162.8            10.1            8.91
    94133        SUCCESS        4            93        0.3        9158.69        9163.13            20            4
    96170        SUCCESS        2            0        0.3        9122.86        9163.33            23.6            12.14
    97695        SUCCESS        4            41        0.3        9154.59        9165.21            21.3            9.56
    94192        SUCCESS        4            93        0.3        9163.13        9165.93            30.9            2.52
    98366        SUCCESS        4            76        0.3        9162.8        9166.84            7.9            3.63
    94189        SUCCESS        4            92        0.3        9156.87        9167.2            27.1            9.29
    97742        SUCCESS        4            78        0.3        9155.98        9167.5            20.6            10.37
    98386        SUCCESS        4            87        0.3        9161.08        9168.45            17.3            6.64
    85496        SUCCESS        4            95        0.3        9158.46        9170.49            35.6            10.83
    97751        SUCCESS        4            78        0.3        9167.5        9171.5            20.4            3.6
    95579        SUCCESS        4            74        0.3        9162.14        9171.61            24.6            8.53
    90746        SUCCESS        3            19        0.3        9160.76        9171.7            17.6            5.47
    98422        SUCCESS        4            76        0.3        9166.84        9172.48            25.5            5.08
    99531        SUCCESS        4            94        0.3        9161.39        9172.64            14.3            10.13
    89715        SUCCESS        3            18        0.3        9158.23        9172.68            14.1            7.23
    98518        SUCCESS        4            87        0.3        9168.45        9172.75            16.8            3.87
    94393        SUCCESS        4            92        0.3        9167.2        9174.58            21.9            6.64
    97818        SUCCESS        4            41        0.3        9165.21        9174.8            32.3            8.63
    85560        SUCCESS        4            95        0.3        9170.49        9176.59            26.3            5.49
    91836        SUCCESS        2            9        0.3        9155.29        9176.71            14.3            6.43
    94322        SUCCESS        4            93        0.3        9165.93        9177.77            16.8            10.66
    98534        SUCCESS        4            87        0.3        9172.75        9178.13            14.3            4.84
    97845        SUCCESS        4            78        0.3        9171.5        9178.24            14.1            6.06
    98454        SUCCESS        4            76        0.3        9172.48        9178.79            17.8            5.68
    90771        SUCCESS        3            19        0.3        9171.7        9178.81            28.3            3.56
    89928        SUCCESS        3            18        0.3        9172.68        9179.46            16.8            3.39
    99630        SUCCESS        4            94        0.3        9172.64        9179.68            28.6            6.34
    95640        SUCCESS        4            74        0.3        9171.61        9179.87            8.8            7.43
    94476        SUCCESS        4            93        0.3        9177.77        9180.42            15.7            2.39
    97822        SUCCESS        4            41        0.3        9174.8        9182.13            13.6            6.59
    99755        SUCCESS        4            94        0.3        9179.68        9182.51            19.9            2.54
    94631        SUCCESS        4            92        0.3        9174.58        9184.33            19.3            8.77
    98579        SUCCESS        4            87        0.3        9178.13        9184.51            12            5.75
    94915        SUCCESS        2            8        0.3        9141.24        9185.11            15            13.16
    85562        SUCCESS        4            95        0.3        9176.59        9186.05            33            8.52
    98461        SUCCESS        4            76        0.3        9178.79        9186.66            20.1            7.08
    99864        SUCCESS        4            94        0.3        9182.51        9187.93            23.2            4.88
    97891        SUCCESS        4            78        0.3        9178.24        9188.7            26.6            9.41
    98619        SUCCESS        4            87        0.3        9184.51        9189.35            16.9            4.35
    97878        SUCCESS        4            41        0.3        9182.13        9189.75            23.4            6.86
    95717        SUCCESS        4            74        0.3        9179.87        9190.9            25.6            9.93
    98558        SUCCESS        4            76        0.3        9186.66        9191.01            4.8            3.92
    94523        SUCCESS        4            93        0.3        9180.42        9192.22            33.5            10.61
    94652        SUCCESS        4            92        0.3        9184.33        9192.68            20.5            7.52
    90822        SUCCESS        3            19        0.3        9178.81        9192.98            19.8            7.08
    92023        SUCCESS        2            9        0.3        9176.71        9196.43            20.3            5.91
    97965        SUCCESS        4            41        0.3        9189.75        9196.63            13.6            6.19
    90170        SUCCESS        3            18        0.3        9179.46        9196.89            11.8            8.71
    98833        SUCCESS        4            87        0.3        9189.35        9197.24            26.3            7.1
    97989        SUCCESS        4            78        0.3        9188.7        9197.57            13.9            7.99
    85600        SUCCESS        4            95        0.3        9186.05        9198.17            20.7            10.9
    95769        SUCCESS        4            74        0.3        9190.9        9199.16            20.9            7.43
    99974        SUCCESS        4            94        0.3        9187.93        9199.42            29.4            10.35
    98062        SUCCESS        4            41        0.3        9196.63        9199.79            12.1            2.84
    98654        SUCCESS        4            76        0.3        9191.01        9199.93            18            8.03
    98916        SUCCESS        4            87        0.3        9197.24        9200.04            16.2            2.52
    94533        SUCCESS        4            93        0.3        9192.22        9202.16            23.2            8.95
    98211        SUCCESS        4            41        0.3        9199.79        9202.29            13.5            2.25
    85706        SUCCESS        4            95        0.3        9198.17        9202.53            23.4            3.92
    94676        SUCCESS        4            92        0.3        9192.68        9203.81            30.5            10.02
    98134        SUCCESS        4            78        0.3        9197.57        9203.92            12.7            5.71
    95793        SUCCESS        4            74        0.3        9199.16        9204.4            19.3            4.72
    99148        SUCCESS        4            87        0.3        9200.04        9204.64            28.7            4.14
    85733        SUCCESS        4            95        0.3        9202.53        9207.15            24.7            4.16
    98240        SUCCESS        4            41        0.3        9202.29        9208.14            7.8            5.26
    90799        SUCCESS        3            18        0.3        9196.89        9208.87            37.7            5.99
    98162        SUCCESS        4            78        0.3        9203.92        9209.18            26.2            4.73
    98680        SUCCESS        4            76        0.3        9199.93        9210.45            21.2            9.46
    90847        SUCCESS        3            19        0.3        9192.98        9211.38            29.2            9.2
    94736        SUCCESS        4            92        0.3        9203.81        9211.4            10.4            6.83
    96421        SUCCESS        2            0        0.3        9163.33        9211.59            33.3            14.48
    95831        SUCCESS        4            74        0.3        9204.4        9212.07            21.1            6.9
    94642        SUCCESS        4            93        0.3        9202.16        9212.67            12.9            9.46
    92067        SUCCESS        2            9        0.3        9196.43        9212.85            10.8            4.93
    99152        SUCCESS        4            87        0.3        9204.64        9213.89            12.7            8.33
    98255        SUCCESS        4            78        0.3        9209.18        9214.11            28.7            4.44
    90886        SUCCESS        3            18        0.3        9208.87        9214.7            12            2.91
    98319        SUCCESS        4            41        0.3        9208.14        9215.99            16.3            7.06
    94668        SUCCESS        4            93        0.3        9212.67        9216.78            9.6            3.69
    85749        SUCCESS        4            95        0.3        9207.15        9218.25            29.2            9.99
    94679        SUCCESS        4            93        0.3        9216.78        9219.68            26.6            2.61
    98722        SUCCESS        4            76        0.3        9210.45        9220.55            26.4            9.1
    94770        SUCCESS        4            92        0.3        9211.4        9220.76            26.4            8.42
    98348        SUCCESS        4            78        0.3        9214.11        9220.87            8            6.08
    85794        SUCCESS        4            95        0.3        9218.25        9220.87            26            2.36
    99210        SUCCESS        4            87        0.3        9213.89        9221.08            18            6.47
    95936        SUCCESS        4            74        0.3        9212.07        9222.65            21.7            9.52
    94917        SUCCESS        2            8        0.3        9185.11        9224.62            23            11.85
    98816        SUCCESS        4            76        0.3        9220.55        9224.73            35.3            3.76
    98420        SUCCESS        4            41        0.3        9215.99        9226.42            34.9            9.38
    98846        SUCCESS        4            76        0.3        9224.73        9227.57            28.2            2.55
    94791        SUCCESS        4            92        0.3        9220.76        9228.89            20.3            7.32
    95945        SUCCESS        4            74        0.3        9222.65        9229            29.9            5.71
    99224        SUCCESS        4            87        0.3        9221.08        9230.52            21.5            8.5
    90898        SUCCESS        3            18        0.3        9214.7        9230.77            31.8            8.04
    85795        SUCCESS        4            95        0.3        9220.87        9231.03            29.9            9.15
    94688        SUCCESS        4            93        0.3        9219.68        9231.14            31.8            10.32
    98497        SUCCESS        4            78        0.3        9220.87        9231.48            25.2            9.55
    90860        SUCCESS        3            19        0.3        9211.38        9232.37            6.4            10.5
    98469        SUCCESS        4            41        0.3        9226.42        9233.36            22.8            6.25
    94796        SUCCESS        4            93        0.3        9231.14        9233.81            18.1            2.4
    98504        SUCCESS        4            78        0.3        9231.48        9234.33            13.5            2.56
    96531        SUCCESS        2            0        0.3        9211.59        9237.22            21.1            7.69
    98865        SUCCESS        4            76        0.3        9227.57        9237.94            30.4            9.34
    85797        SUCCESS        4            95        0.3        9231.03        9238.97            30            7.15
    94837        SUCCESS        4            93        0.3        9233.81        9240.04            7.2            5.61
    95965        SUCCESS        4            74        0.3        9229        9240.15            9.9            10.03
    94823        SUCCESS        4            92        0.3        9228.89        9240.65            25.4            10.59
    99231        SUCCESS        4            87        0.3        9230.52        9241.57            15.3            9.94
    85902        SUCCESS        4            95        0.3        9238.97        9241.97            4.1            2.69
    98485        SUCCESS        4            41        0.3        9233.36        9243.93            30.5            9.52
    98871        SUCCESS        4            76        0.3        9237.94        9244.14            22.5            5.58
    98966        SUCCESS        4            78        0.3        9234.33        9245.23            31.4            9.81
    90862        SUCCESS        3            19        0.3        9232.37        9245.74            17.7            6.68
    92411        SUCCESS        2            9        0.3        9212.85        9246.67            15.9            10.15
    86027        SUCCESS        4            95        0.3        9241.97        9247.39            18.7            4.89
    94927        SUCCESS        4            93        0.3        9240.04        9247.53            19            6.74
    96533        SUCCESS        2            0        0.3        9237.22        9247.54            8.3            3.09
    98973        SUCCESS        4            78        0.3        9245.23        9248.98            18.8            3.38
    98957        SUCCESS        4            76        0.3        9244.14        9249.09            4.7            4.46
    96065        SUCCESS        4            74        0.3        9240.15        9249.53            32.5            8.44
    99265        SUCCESS        4            87        0.3        9241.57        9250.22            29.1            7.79
    91018        SUCCESS        3            18        0.3        9230.77        9251.36            28.4            10.29
    98521        SUCCESS        4            41        0.3        9243.93        9251.47            22.1            6.78
    98979        SUCCESS        4            76        0.3        9249.09        9251.91            17.9            2.54
    91203        SUCCESS        3            19        0.3        9245.74        9252.72            15.8            3.49
    94930        SUCCESS        4            92        0.3        9240.65        9253.04            35.9            11.15
    99001        SUCCESS        4            78        0.3        9248.98        9253.15            13.6            3.75
    99279        SUCCESS        4            87        0.3        9250.22        9253.97            5.1            3.38
    98798        SUCCESS        4            41        0.3        9251.47        9258.69            5.1            6.5
    99004        SUCCESS        4            78        0.3        9253.15        9258.8            28            5.09
    94992        SUCCESS        4            93        0.3        9247.53        9259.19            37.9            10.49
    94933        SUCCESS        2            8        0.3        9224.62        9259.58            12            10.49
    86192        SUCCESS        4            95        0.3        9247.39        9259.77            11.3            11.14
    96178        SUCCESS        4            74        0.3        9249.53        9260.39            24.1            9.78
    99060        SUCCESS        4            76        0.3        9251.91        9261.9            24.1            8.99
    95001        SUCCESS        4            92        0.3        9253.04        9262.49            32.3            8.51
    86222        SUCCESS        4            95        0.3        9259.77        9263.9            35.6            3.72
    96252        SUCCESS        4            74        0.3        9260.39        9264.32            7.2            3.54
    99300        SUCCESS        4            87        0.3        9253.97        9264.46            15            9.44
    98867        SUCCESS        4            41        0.3        9258.69        9265.18            9.5            5.84
    99023        SUCCESS        4            78        0.3        9258.8        9265.29            22.3            5.84
    86307        SUCCESS        4            95        0.3        9263.9        9267.69            33.7            3.41
    95007        SUCCESS        4            93        0.3        9259.19        9268.28            24.7            8.19
    95054        SUCCESS        4            92        0.3        9262.49        9270.05            17.2            6.81
    99028        SUCCESS        4            78        0.3        9265.29        9270.87            30.4            5.02
    97233        SUCCESS        2            0        0.3        9247.54        9271.98            9.1            7.33
    96268        SUCCESS        4            74        0.3        9264.32        9272.36            18.3            7.23
    99087        SUCCESS        4            76        0.3        9261.9        9272.97            17.8            9.96
    91447        SUCCESS        3            19        0.3        9252.72        9273.34            22.6            10.31
    91023        SUCCESS        3            18        0.3        9251.36        9274.01            19.9            11.32
    99413        SUCCESS        4            87        0.3        9264.46        9275.34            17.1            9.79
    98868        SUCCESS        4            41        0.3        9265.18        9275.58            14            9.36
    95083        SUCCESS        4            93        0.3        9268.28        9276.08            10.9            7.02
    99221        SUCCESS        4            76        0.3        9272.97        9277.19            24.6            3.8
    86478        SUCCESS        4            95        0.3        9267.69        9279.21            22            10.37
    91045        SUCCESS        3            18        0.3        9274.01        9279.85            27.9            2.92
    95063        SUCCESS        4            92        0.3        9270.05        9280.88            27.8            9.74
    99094        SUCCESS        4            78        0.3        9270.87        9281.54            9.6            9.6
    95177        SUCCESS        4            93        0.3        9276.08        9281.88            27.8            5.22
    96345        SUCCESS        4            74        0.3        9272.36        9282.12            19.4            8.78
    91598        SUCCESS        3            19        0.3        9273.34        9285.67            19.2            6.17
    99435        SUCCESS        4            87        0.3        9275.34        9286.45            6.2            10
    98978        SUCCESS        4            41        0.3        9275.58        9286.78            26.7            10.07
    95165        SUCCESS        4            92        0.3        9280.88        9287            27.3            5.51
    86517        SUCCESS        4            95        0.3        9279.21        9287.64            26.5            7.59
    91438        SUCCESS        3            18        0.3        9279.85        9288.05            5.3            4.1
    99362        SUCCESS        4            76        0.3        9277.19        9288.09            21.7            9.81
    95191        SUCCESS        4            92        0.3        9287        9289.91            31.4            2.61
    99109        SUCCESS        4            78        0.3        9281.54        9290.32            21            7.9
    96425        SUCCESS        4            74        0.3        9282.12        9290.7            15.1            7.73
    99081        SUCCESS        4            41        0.3        9286.78        9292.99            24            5.6
    95205        SUCCESS        4            93        0.3        9281.88        9293.49            25.6            10.45
    91579        SUCCESS        3            18        0.3        9288.05        9293.63            22.1            2.79
    92662        SUCCESS        2            9        0.3        9246.67        9294.32            15.5            14.29
    96566        SUCCESS        4            74        0.3        9290.7        9295.29            38.3            4.13
    99132        SUCCESS        4            78        0.3        9290.32        9295.81            32.6            4.94
    99449        SUCCESS        4            76        0.3        9288.09        9296.58            22.3            7.64
    91910        SUCCESS        3            19        0.3        9285.67        9297.5            14.7            5.91
    86523        SUCCESS        4            95        0.3        9287.64        9298.05            29.5            9.37
    99492        SUCCESS        4            87        0.3        9286.45        9298.6            20.8            10.93
    99207        SUCCESS        4            78        0.3        9295.81        9300.51            26.1            4.23
    95152        SUCCESS        2            8        0.3        9259.58        9300.64            24.4            12.32
    95225        SUCCESS        4            93        0.3        9293.49        9301.55            33.9            7.26
    95266        SUCCESS        4            92        0.3        9289.91        9301.66            17.8            10.58
    97011        SUCCESS        4            74        0.3        9295.29        9302.08            18.4            6.11
    91636        SUCCESS        3            18        0.3        9293.63        9304.18            7.9            5.28
    99551        SUCCESS        4            87        0.3        9298.6        9304.49            24.4            5.3
    99149        SUCCESS        4            41        0.3        9292.99        9304.99            28.8            10.8
    97071        SUCCESS        4            74        0.3        9302.08        9305.68            28.6            3.24
    99375        SUCCESS        4            78        0.3        9300.51        9306.23            28.9            5.14
    86612        SUCCESS        4            95        0.3        9298.05        9306.56            5.9            7.66
    99534        SUCCESS        4            76        0.3        9296.58        9306.67            6.8            9.08
    99851        SUCCESS        4            87        0.3        9304.49        9307.87            29.7            3.04
    95362        SUCCESS        4            93        0.3        9301.55        9311.9            28.9            9.32
    95352        SUCCESS        4            92        0.3        9301.66        9312.31            24.5            9.58
    97348        SUCCESS        4            74        0.3        9305.68        9313.42            10.5            6.97
    86663        SUCCESS        4            95        0.3        9306.56        9313.53            18.3            6.28
    91935        SUCCESS        3            18        0.3        9304.18        9314.67            31.3            5.25
    99218        SUCCESS        4            41        0.3        9304.99        9314.81            18.4            8.84
    99998        SUCCESS        4            87        0.3        9307.87        9315.44            17.8            6.82
    99524        SUCCESS        4            78        0.3        9306.23        9316.08            34            8.87
    92043        SUCCESS        3            19        0.3        9297.5        9316.35            15.3            9.42
    99297        SUCCESS        4            41        0.3        9314.81        9318.84            12.3            3.62
    99545        SUCCESS        4            76        0.3        9306.67        9319.16            18            11.25
    99573        SUCCESS        4            78        0.3        9316.08        9319.27            20.1            2.88
    97591        SUCCESS        4            74        0.3        9313.42        9319.38            19.3            5.37
    95444        SUCCESS        4            92        0.3        9312.31        9319.49            15.1            6.47
    95390        SUCCESS        4            93        0.3        9311.9        9320.55            33.6            7.79
    97456        SUCCESS        2            0        0.3        9271.98        9320.56            11.4            14.58
    86733        SUCCESS        4            95        0.3        9313.53        9322.31            18.6            7.9
    92091        SUCCESS        3            19        0.3        9316.35        9322.62            25            3.14
    99345        SUCCESS        4            41        0.3        9318.84        9324.21            21.8            4.84
    97593        SUCCESS        4            74        0.3        9319.38        9326.79            11.7            6.67
    99552        SUCCESS        4            76        0.3        9319.16        9326.96            24.5            7.02
    99579        SUCCESS        4            78        0.3        9319.27        9327.18            12.3            7.11
    95491        SUCCESS        4            92        0.3        9319.49        9327.29            16.2            7.01
    86773        SUCCESS        4            95        0.3        9322.31        9328.17            27.5            5.28
    95407        SUCCESS        4            93        0.3        9320.55        9328.88            17.1            7.49
    95956        SUCCESS        2            8        0.3        9300.64        9330.48            23.5            8.95
    95548        SUCCESS        4            92        0.3        9327.29        9330.71            20.4            3.08
    92148        SUCCESS        3            19        0.3        9322.62        9330.93            15            4.15
    92188        SUCCESS        3            18        0.3        9314.67        9331.12            16.8            8.22
    99613        SUCCESS        4            76        0.3        9326.96        9331.39            3.3            3.98
    99454        SUCCESS        4            41        0.3        9324.21        9331.71            16.3            6.75
    99667        SUCCESS        4            41        0.3        9331.71        9335.8            9.8            3.68
    97616        SUCCESS        4            74        0.3        9326.79        9337.46            10.1            9.6
    86811        SUCCESS        4            95        0.3        9328.17        9337.96            37            8.81
    99611        SUCCESS        4            78        0.3        9327.18        9338.1            15.5            9.84
    92850        SUCCESS        2            9        0.3        9294.32        9338.7            21.1            13.31
    95471        SUCCESS        4            93        0.3        9328.88        9339.57            23.5            9.63
    95667        SUCCESS        4            92        0.3        9330.71        9339.75            11.1            8.14
    92647        SUCCESS        3            19        0.3        9330.93        9341.61            21.5            5.34
    99692        SUCCESS        4            76        0.3        9331.39        9343.36            27.1            10.78
    97760        SUCCESS        4            74        0.3        9337.46        9343.68            37.1            5.59
    99729        SUCCESS        4            41        0.3        9335.8        9344.74            13.1            8.05
    99620        SUCCESS        4            78        0.3        9338.1        9345.22            20.7            6.4
    86894        SUCCESS        4            95        0.3        9337.96        9349.18            16.5            10.09
    97810        SUCCESS        4            74        0.3        9343.68        9349.46            16.2            5.2
    99945        SUCCESS        4            41        0.3        9344.74        9350.29            35.2            4.99
    95718        SUCCESS        4            92        0.3        9339.75        9351.86            14.2            10.89
    95482        SUCCESS        4            93        0.3        9339.57        9351.97            22.7            11.15
    99643        SUCCESS        4            78        0.3        9345.22        9352.26            21.8            6.34
    92247        SUCCESS        3            18        0.3        9331.12        9352.75            16.1            10.82
    86914        SUCCESS        4            95        0.3        9349.18        9352.87            31.4            3.32
    99756        SUCCESS        4            76        0.3        9343.36        9353.61            18.9            9.22
    92657        SUCCESS        3            19        0.3        9341.61        9354.51            21.4            6.45
    87005        SUCCESS        4            95        0.3        9352.87        9355.4            9.6            2.28
    97746        SUCCESS        2            0        0.3        9320.56        9356.61            28.2            10.81
    95772        SUCCESS        4            92        0.3        9351.86        9357.72            5.7            5.27
    99836        SUCCESS        4            76        0.3        9353.61        9359.08            7.6            4.92
    99805        SUCCESS        4            78        0.3        9352.26        9359.27            24.5            6.31
    95561        SUCCESS        4            93        0.3        9351.97        9360.11            8.7            7.33
    97875        SUCCESS        4            74        0.3        9349.46        9360.22            17.9            9.69
    92269        SUCCESS        3            18        0.3        9352.75        9360.25            19.8            3.75
    99960        SUCCESS        4            41        0.3        9350.29        9360.42            11.7            9.11
    95765        SUCCESS        4            93        0.3        9360.11        9363.33            36.5            2.9
    96813        SUCCESS        2            8        0.3        9330.48        9363.71            19.1            9.97
    87342        SUCCESS        4            95        0.3        9355.4        9364.47            23.6            8.16
    95879        SUCCESS        4            92        0.3        9357.72        9366.44            17.6            7.85
    99910        SUCCESS        4            78        0.3        9359.27        9366.55            35.1            6.55
    99850        SUCCESS        4            76        0.3        9359.08        9367.54            26            7.61
    98005        SUCCESS        4            74        0.3        9360.22        9369.01            23.8            7.91
    92946        SUCCESS        3            19        0.3        9354.51        9370.51            26.9            8
    87407        SUCCESS        4            95        0.3        9364.47        9371.21            20.5            6.07
    95931        SUCCESS        4            92        0.3        9366.44        9372.54            27            5.49
    98009        SUCCESS        4            74        0.3        9369.01        9373.68            7.3            4.2
    95824        SUCCESS        4            93        0.3        9363.33        9374.19            19            9.77
    99867        SUCCESS        4            76        0.3        9367.54        9374.58            20.8            6.34
    95996        SUCCESS        4            92        0.3        9372.54        9375.36            18.7            2.54
    97781        SUCCESS        2            0        0.3        9356.61        9375.38            25.4            5.63
    92923        SUCCESS        2            9        0.3        9338.7        9378.32            37            11.89
    99871        SUCCESS        4            76        0.3        9374.58        9378.97            20.3            3.95
    96030        SUCCESS        4            92        0.3        9375.36        9381.72            21.8            5.72
    99901        SUCCESS        4            76        0.3        9378.97        9382.09            31.1            2.81
    92319        SUCCESS        3            18        0.3        9360.25        9382.15            13.3            10.95
    87460        SUCCESS        4            95        0.3        9371.21        9382.82            26.7            10.45
    95829        SUCCESS        4            93        0.3        9374.19        9382.93            19.7            7.86
    96061        SUCCESS        4            92        0.3        9381.72        9384.55            28.2            2.55
    98061        SUCCESS        4            74        0.3        9373.68        9385.94            32.1            11.03
    93053        SUCCESS        3            19        0.3        9370.51        9387.8            33.3            8.65
    95848        SUCCESS        4            93        0.3        9382.93        9387.98            31.5            4.54
    99984        SUCCESS        4            76        0.3        9382.09        9388.77            8.3            6.01
    93057        SUCCESS        2            9        0.3        9378.32        9389.07            24.1            3.22
    87583        SUCCESS        4            95        0.3        9382.82        9394.62            16.1            10.62
    96089        SUCCESS        4            92        0.3        9384.55        9394.88            18            9.29
    98116        SUCCESS        4            74        0.3        9385.94        9396.32            11.2            9.34
    95971        SUCCESS        4            93        0.3        9387.98        9398.64            29.1            9.6
    92627        SUCCESS        3            18        0.3        9382.15        9399.54            26            8.7
    98205        SUCCESS        2            0        0.3        9375.38        9403.33            35.9            8.38
    96100        SUCCESS        4            92        0.3        9394.88        9403.69            15.3            7.92
    87591        SUCCESS        4            95        0.3        9394.62        9403.87            27.6            8.33
    92642        SUCCESS        3            18        0.3        9399.54        9404.93            21.9            2.7
    97159        SUCCESS        2            8        0.3        9363.71        9406.21            13.2            12.75
    98181        SUCCESS        4            74        0.3        9396.32        9406.88            7.9            9.5
    96087        SUCCESS        4            93        0.3        9398.64        9409.45            11            9.73
    93222        SUCCESS        3            19        0.3        9387.8        9411.5            27.3            11.85
    92801        SUCCESS        3            18        0.3        9404.93        9412.01            17.9            3.54
    96410        SUCCESS        4            92        0.3        9403.69        9413.5            31.6            8.83
    87622        SUCCESS        4            95        0.3        9403.87        9413.61            20.2            8.76
    96127        SUCCESS        4            93        0.3        9409.45        9414.9            22.4            4.9
    98193        SUCCESS        4            74        0.3        9406.88        9419.13            22.4            11.03
    96132        SUCCESS        4            93        0.3        9414.9        9420.15            14.9            4.73
    96540        SUCCESS        4            92        0.3        9413.5        9424.3            9.4            9.72
    92818        SUCCESS        3            18        0.3        9412.01        9424.37            10.2            6.18
    87747        SUCCESS        4            95        0.3        9413.61        9424.49            22.9            9.79
    98516        SUCCESS        4            74        0.3        9419.13        9424.6            15.9            4.92
    96190        SUCCESS        4            93        0.3        9420.15        9424.71            14            4.1
    96548        SUCCESS        4            92        0.3        9424.3        9428.71            15            3.96
    93178        SUCCESS        2            9        0.3        9389.07        9429.47            36.7            12.12
    87752        SUCCESS        4            95        0.3        9424.49        9430.65            19.3            5.54
    96214        SUCCESS        4            93        0.3        9424.71        9431.3            21.2            5.93
    98591        SUCCESS        4            74        0.3        9424.6        9431.54            38.4            6.25
    93081        SUCCESS        3            18        0.3        9424.37        9431.81            25.9            3.72
    98646        SUCCESS        4            74        0.3        9431.54        9434.5            28.7            2.66
    93303        SUCCESS        3            19        0.3        9411.5        9434.98            6.5            11.74
    96663        SUCCESS        4            92        0.3        9428.71        9436.1            36.5            6.65
    96225        SUCCESS        4            93        0.3        9431.3        9438.87            25            6.82
    98658        SUCCESS        4            74        0.3        9434.5        9439.72            13.9            4.7
    88085        SUCCESS        4            95        0.3        9430.65        9440.02            7.4            8.43
    96710        SUCCESS        4            92        0.3        9436.1        9444.09            15.9            7.2
    98669        SUCCESS        4            74        0.3        9439.72        9444.47            14            4.27
    98684        SUCCESS        4            74        0.3        9444.47        9447.89            17.9            3.08
    98395        SUCCESS        2            0        0.3        9403.33        9448.51            19.4            13.55
    88154        SUCCESS        4            95        0.3        9440.02        9448.88            19.9            7.97
    93271        SUCCESS        3            18        0.3        9431.81        9449.99            25.1            9.09
    93195        SUCCESS        2            9        0.3        9429.47        9450.65            31.3            6.35
    98873        SUCCESS        4            74        0.3        9447.89        9450.71            33.2            2.54
    96244        SUCCESS        4            93        0.3        9438.87        9451.2            9.2            11.09
    96812        SUCCESS        4            92        0.3        9444.09        9454.28            10.3            9.17
    88168        SUCCESS        4            95        0.3        9448.88        9455.72            17            6.16
    97193        SUCCESS        2            8        0.3        9406.21        9455.87            20.6            14.9
    98900        SUCCESS        4            74        0.3        9450.71        9457.97            36.1            6.53
    93356        SUCCESS        3            19        0.3        9434.98        9458.51            27.7            11.77
    96248        SUCCESS        4            93        0.3        9451.2        9459.46            31.8            7.44
    98981        SUCCESS        4            74        0.3        9457.97        9460.68            15.7            2.44
    88282        SUCCESS        4            95        0.3        9455.72        9464.71            25            8.09
    96273        SUCCESS        4            93        0.3        9459.46        9464.97            18.2            4.95
    96887        SUCCESS        4            92        0.3        9454.28        9465.08            22.9            9.71
    96908        SUCCESS        4            92        0.3        9465.08        9468.13            13.7            2.75
    93596        SUCCESS        3            19        0.3        9458.51        9470.88            17.7            6.19
    99006        SUCCESS        4            74        0.3        9460.68        9472.57            9.2            10.7
    93319        SUCCESS        2            9        0.3        9450.65        9472.77            10.2            6.64
    93383        SUCCESS        3            18        0.3        9449.99        9473.52            16.8            11.77
    88421        SUCCESS        4            95        0.3        9464.71        9474.2            21.4            8.54
    96990        SUCCESS        4            92        0.3        9468.13        9474.31            6.9            5.56
    99106        SUCCESS        4            74        0.3        9472.57        9475.6            23.9            2.73
    96395        SUCCESS        4            93        0.3        9464.97        9476.75            12.7            10.6
    99037        SUCCESS        2            0        0.3        9448.51        9477.42            29.3            8.67
    88439        SUCCESS        4            95        0.3        9474.2        9479.77            13.6            5.01
    88496        SUCCESS        4            95        0.3        9479.77        9483.33            21.8            3.21
    97106        SUCCESS        4            92        0.3        9474.31        9485.66            14.4            10.21
    96495        SUCCESS        4            93        0.3        9476.75        9486.04            13.3            8.36
    93893        SUCCESS        3            19        0.3        9470.88        9486.54            22.8            7.83
    99202        SUCCESS        4            74        0.3        9475.6        9488.07            7.1            11.22
    99254        SUCCESS        4            74        0.3        9488.07        9491.56            18.4            3.14
    88560        SUCCESS        4            95        0.3        9483.33        9492            10.9            7.8
    93553        SUCCESS        3            18        0.3        9473.52        9493.12            28.4            9.8
    97352        SUCCESS        4            92        0.3        9485.66        9495.89            28.2            9.21
    99142        SUCCESS        2            0        0.3        9477.42        9496.27            22.4            5.66
    96547        SUCCESS        4            93        0.3        9486.04        9497.4            23.9            10.22
    93907        SUCCESS        3            19        0.3        9486.54        9497.67            8.1            5.57
    97218        SUCCESS        2            8        0.3        9455.87        9498.49            27.3            12.79
    97528        SUCCESS        4            92        0.3        9495.89        9499.03            24.4            2.82
    93635        SUCCESS        3            18        0.3        9493.12        9499.2            28.7            3.04
    93393        SUCCESS        2            9        0.3        9472.77        9500.56            24.4            8.34
    96561        SUCCESS        4            93        0.3        9497.4        9501.19            9.2            3.41
    97554        SUCCESS        4            92        0.3        9499.03        9503.31            29.5            3.85
    99286        SUCCESS        4            74        0.3        9491.56        9503.45            12.7            10.7
    88645        SUCCESS        4            95        0.3        9492        9504.47            26.7            11.23
    99351        SUCCESS        2            0        0.3        9496.27        9506.51            9.8            3.07
    88766        SUCCESS        4            95        0.3        9504.47        9510.21            28.8            5.17
    97582        SUCCESS        4            92        0.3        9503.31        9512.39            34.1            8.18
    96619        SUCCESS        4            93        0.3        9501.19        9512.62            34.9            10.29
    99515        SUCCESS        4            74        0.3        9503.45        9515.38            10.2            10.74
    96723        SUCCESS        4            93        0.3        9512.62        9515.66            15.9            2.74
    97267        SUCCESS        2            8        0.3        9498.49        9516.31            26.7            5.35
    99408        SUCCESS        2            0        0.3        9506.51        9517.53            9.7            3.31
    88815        SUCCESS        4            95        0.3        9510.21        9517.64            19.3            6.69
    94045        SUCCESS        3            19        0.3        9497.67        9517.82            24.1            10.07
    93734        SUCCESS        3            18        0.3        9499.2        9519.69            21            10.25
    99546        SUCCESS        4            74        0.3        9515.38        9522.63            17.2            6.53
    96845        SUCCESS        4            93        0.3        9515.66        9523.25            15.5            6.83
    97641        SUCCESS        4            92        0.3        9512.39        9524.15            25.9            10.59
    94019        SUCCESS        3            18        0.3        9519.69        9525.54            20.7            2.92
    94376        SUCCESS        3            19        0.3        9517.82        9525.79            22.1            3.98
    88845        SUCCESS        4            95        0.3        9517.64        9527.04            14.6            8.45
    97675        SUCCESS        4            92        0.3        9524.15        9528.36            12.9            3.79
    88982        SUCCESS        4            95        0.3        9527.04        9530.67            21.5            3.27
    97287        SUCCESS        2            8        0.3        9516.31        9533.22            37.5            5.07
    89123        SUCCESS        4            95        0.3        9530.67        9533.76            13            2.79
    99549        SUCCESS        4            74        0.3        9522.63        9534.87            14.8            11.01
    97684        SUCCESS        4            92        0.3        9528.36        9535.23            37            6.18
    96997        SUCCESS        4            93        0.3        9523.25        9535.34            18.7            10.88
    97795        SUCCESS        4            92        0.3        9535.23        9538.37            19.9            2.83
    97070        SUCCESS        4            93        0.3        9535.34        9540.6            28.3            4.73
    97912        SUCCESS        4            92        0.3        9538.37        9542.7            16.8            3.9
    89186        SUCCESS        4            95        0.3        9533.76        9542.81            19.3            8.14
    99577        SUCCESS        4            74        0.3        9534.87        9544.72            26.8            8.87
    94424        SUCCESS        3            19        0.3        9525.79        9545.1            13.9            9.66
    94035        SUCCESS        3            18        0.3        9525.54        9546.29            11.8            10.37
    97243        SUCCESS        4            93        0.3        9540.6        9549.2            18.7            7.74
    97927        SUCCESS        4            92        0.3        9542.7        9549.53            16.6            6.15
    93581        SUCCESS        2            9        0.3        9500.56        9550.17            31.9            14.88
    89202        SUCCESS        4            95        0.3        9542.81        9551.92            14.5            8.2
    94489        SUCCESS        3            19        0.3        9545.1        9552.47            21            3.68
    99603        SUCCESS        4            74        0.3        9544.72        9553.2            27.2            7.63
    99790        SUCCESS        2            0        0.3        9517.53        9553.55            15.9            10.81
    89210        SUCCESS        4            95        0.3        9551.92        9554.59            25.6            2.41
    97317        SUCCESS        4            93        0.3        9549.2        9556.94            24.6            6.97
    98045        SUCCESS        4            92        0.3        9549.53        9557.78            10.1            7.42
    94684        SUCCESS        3            19        0.3        9552.47        9558.41            18.5            2.97
    89275        SUCCESS        4            95        0.3        9554.59        9559.59            26.1            4.5
    99872        SUCCESS        4            74        0.3        9553.2        9560.46            21            6.53
    89279        SUCCESS        4            95        0.3        9559.59        9564.71            24.3            4.61
    94511        SUCCESS        3            18        0.3        9546.29        9565.99            17.4            9.85
    97335        SUCCESS        4            93        0.3        9556.94        9566.37            14.7            8.49
    98164        SUCCESS        2            8        0.3        9533.22        9567.09            28.1            10.16
    94876        SUCCESS        3            19        0.3        9558.41        9568.3            17.3            4.94
    98096        SUCCESS        4            92        0.3        9557.78        9568.45            27.3            9.61
    99878        SUCCESS        4            74        0.3        9560.46        9570.12            16.5            8.69
    89365        SUCCESS        4            95        0.3        9564.71        9570.32            20.3            5.05
    93831        SUCCESS        2            9        0.3        9550.17        9571.4            30.5            6.37
    97369        SUCCESS        4            93        0.3        9566.37        9573.61            26.4            6.51
    89377        SUCCESS        4            95        0.3        9570.32        9575.51            20.1            4.67
    99905        SUCCESS        4            74        0.3        9570.12        9579.71            12.6            8.64
    98150        SUCCESS        4            92        0.3        9568.45        9580.39            36            10.74
    89436        SUCCESS        4            95        0.3        9575.51        9581.8            29.5            5.66
    97371        SUCCESS        4            93        0.3        9573.61        9583.31            15.8            8.74
    95074        SUCCESS        3            19        0.3        9568.3        9584.07            14.6            7.88
    89473        SUCCESS        4            95        0.3        9581.8        9585.78            14.1            3.59
    98163        SUCCESS        4            92        0.3        9580.39        9586.2            16.7            5.22
    94544        SUCCESS        3            18        0.3        9565.99        9587.43            14.2            10.72
    98172        SUCCESS        4            92        0.3        9586.2        9589.23            13.2            2.73
    94566        SUCCESS        2            9        0.3        9571.4        9591.62            12.9            6.07
    95530        SUCCESS        3            19        0.3        9584.07        9592.82            27.5            4.38
    94579        SUCCESS        3            18        0.3        9587.43        9592.94            10.8            2.75
    97567        SUCCESS        4            93        0.3        9583.31        9594.89            32            10.42
    89666        SUCCESS        4            95        0.3        9585.78        9596.44            25.5            9.59
    98296        SUCCESS        4            92        0.3        9589.23        9598.79            19.8            8.6
    89689        SUCCESS        4            95        0.3        9596.44        9599.78            28.4            3
    95622        SUCCESS        3            19        0.3        9592.82        9600.36            30.9            3.77
    97645        SUCCESS        4            93        0.3        9594.89        9600.54            8            5.08
    94622        SUCCESS        2            9        0.3        9591.62        9605.79            12.7            4.25
    98490        SUCCESS        4            92        0.3        9598.79        9607.17            12.6            7.54
    97711        SUCCESS        4            93        0.3        9600.54        9608.11            19.4            6.81
    89771        SUCCESS        4            95        0.3        9599.78        9612.18            31.9            11.16
    94647        SUCCESS        3            18        0.3        9592.94        9613.13            7.6            10.1
    98453        SUCCESS        2            8        0.3        9567.09        9614.63            21.4            14.26
    97910        SUCCESS        4            93        0.3        9608.11        9615.51            23            6.67
    98601        SUCCESS        4            92        0.3        9607.17        9617.19            33.9            9.02
    95847        SUCCESS        3            19        0.3        9600.36        9618.42            30.6            9.03
    98079        SUCCESS        4            93        0.3        9615.51        9618.79            20.3            2.94
    89839        SUCCESS        4            95        0.3        9612.18        9620.07            34.8            7.1
    98325        SUCCESS        4            93        0.3        9618.79        9621.54            15.8            2.48
    94794        SUCCESS        3            18        0.3        9613.13        9621.58            9.8            4.22
    98376        SUCCESS        4            93        0.3        9621.54        9628.23            36.7            6.01
    98602        SUCCESS        4            92        0.3        9617.19        9628.76            9.7            10.41
    94964        SUCCESS        3            18        0.3        9621.58        9631.14            18.7            4.78
    89844        SUCCESS        4            95        0.3        9620.07        9632.27            33.7            10.98
    89889        SUCCESS        4            95        0.3        9632.27        9635.78            7.6            3.16
    95255        SUCCESS        3            18        0.3        9631.14        9636.49            23.5            2.67
    89903        SUCCESS        4            95        0.3        9635.78        9639.42            25.5            3.28
    98496        SUCCESS        4            93        0.3        9628.23        9640.45            25.9            11
    98634        SUCCESS        4            92        0.3        9628.76        9640.7            25.8            10.75
    90306        SUCCESS        4            95        0.3        9639.42        9643.03            34.7            3.25
    95880        SUCCESS        3            19        0.3        9618.42        9643.16            22.5            12.37
    94692        SUCCESS        2            9        0.3        9605.79        9643.79            10.2            11.4
    90347        SUCCESS        4            95        0.3        9643.03        9648.9            20.3            5.28
    98565        SUCCESS        4            93        0.3        9640.45        9650.94            24            9.44
    98678        SUCCESS        4            92        0.3        9640.7        9652.44            23.3            10.56
    95418        SUCCESS        3            18        0.3        9636.49        9652.95            11.9            8.23
    99294        SUCCESS        2            8        0.3        9614.63        9653.81            19.7            11.75
    90425        SUCCESS        4            95        0.3        9648.9        9655.13            25.2            5.6
    98711        SUCCESS        4            92        0.3        9652.44        9660.38            24.6            7.15
    98589        SUCCESS        4            93        0.3        9650.94        9660.85            13.2            8.92
    90461        SUCCESS        4            95        0.3        9655.13        9662.21            27.8            6.38
    99409        SUCCESS        2            8        0.3        9653.81        9665.05            30.1            3.37
    95885        SUCCESS        3            19        0.3        9643.16        9667.54            18.7            12.19
    98763        SUCCESS        4            92        0.3        9660.38        9669.75            15.5            8.43
    95775        SUCCESS        3            18        0.3        9652.95        9672.09            19.1            9.57
    98667        SUCCESS        4            93        0.3        9660.85        9673.08            17.5            11
    90653        SUCCESS        4            95        0.3        9662.21        9673.72            21.9            10.36
    90698        SUCCESS        4            95        0.3        9673.72        9677.51            26.8            3.41
    98866        SUCCESS        4            92        0.3        9669.75        9679.11            19.4            8.43
    98747        SUCCESS        4            93        0.3        9673.08        9680.09            23.3            6.32
    90774        SUCCESS        4            95        0.3        9677.51        9680.99            20.2            3.13
    94782        SUCCESS        2            9        0.3        9643.79        9681.01            31            11.17
    98895        SUCCESS        4            92        0.3        9679.11        9681.65            16.1            2.28
    98838        SUCCESS        4            93        0.3        9680.09        9684.32            35.7            3.81
    99709        SUCCESS        2            8        0.3        9665.05        9685.38            14.3            6.1
    96066        SUCCESS        3            19        0.3        9667.54        9685.67            18.2            9.07
    98928        SUCCESS        4            92        0.3        9681.65        9687.35            20.3            5.13
    90814        SUCCESS        4            95        0.3        9680.99        9687.94            28.1            6.25
    99223        SUCCESS        4            92        0.3        9687.35        9692.09            36            4.26
    98889        SUCCESS        4            93        0.3        9684.32        9694.01            14            8.71
    99392        SUCCESS        4            92        0.3        9692.09        9696.27            19            3.76
    95830        SUCCESS        3            18        0.3        9672.09        9696.39            24.3            12.15
    90917        SUCCESS        4            95        0.3        9687.94        9699.95            14.3            10.81
    99464        SUCCESS        4            92        0.3        9696.27        9700.25            22            3.58
    96072        SUCCESS        3            19        0.3        9685.67        9703.53            10.1            8.93
    90959        SUCCESS        4            95        0.3        9699.95        9703.65            31.5            3.33
    98893        SUCCESS        4            93        0.3        9694.01        9704.06            5.4            9.05
    99502        SUCCESS        4            92        0.3        9700.25        9707.34            27            6.38
    95934        SUCCESS        3            18        0.3        9696.39        9708.26            21.5            5.94
    99557        SUCCESS        4            92        0.3        9707.34        9712.75            22.3            4.86
    91028        SUCCESS        4            95        0.3        9703.65        9713.19            15.3            8.58
    99000        SUCCESS        4            93        0.3        9704.06        9714.25            31.4            9.18
    96558        SUCCESS        3            19        0.3        9703.53        9720.51            26.3            8.49
    94978        SUCCESS        2            9        0.3        9681.01        9720.56            25.1            11.87
    95948        SUCCESS        3            18        0.3        9708.26        9722.1            21.9            6.92
    91228        SUCCESS        4            95        0.3        9713.19        9722.29            25.1            8.19
    99296        SUCCESS        4            93        0.3        9714.25        9722.68            24.4            7.59
    99698        SUCCESS        4            92        0.3        9712.75        9723.11            4.8            9.33
    99314        SUCCESS        4            93        0.3        9722.68        9725.77            27            2.77
    91249        SUCCESS        4            95        0.3        9722.29        9726.89            21.1            4.14
    91374        SUCCESS        4            95        0.3        9726.89        9730.42            35.5            3.17
    99707        SUCCESS        4            92        0.3        9723.11        9731.33            27.6            7.4
    99712        SUCCESS        4            92        0.3        9731.33        9734.27            27.6            2.64
    91384        SUCCESS        4            95        0.3        9730.42        9736.72            15.7            5.68
    96654        SUCCESS        3            19        0.3        9720.51        9737.65            24.3            8.57
    99327        SUCCESS        4            93        0.3        9725.77        9737.73            28.8            10.77
    99370        SUCCESS        4            93        0.3        9737.73        9743.24            19.8            4.95
    91483        SUCCESS        4            95        0.3        9736.72        9744.8            25.8            7.26
    99720        SUCCESS        4            92        0.3        9734.27        9745.13            11.6            9.78
    96074        SUCCESS        3            18        0.3        9722.1        9745.39            39.6            11.65
    91511        SUCCESS        4            95        0.3        9744.8        9751.78            17.8            6.29
    99395        SUCCESS        4            93        0.3        9743.24        9754.4            15.9            10.05
    99791        SUCCESS        4            92        0.3        9745.13        9756.63            25.1            10.35
    96705        SUCCESS        3            19        0.3        9737.65        9757.43            31.5            9.89
    99471        SUCCESS        4            93        0.3        9754.4        9758.39            16.7            3.59
    91546        SUCCESS        4            95        0.3        9751.78        9758.98            12.9            6.47
    95135        SUCCESS        2            9        0.3        9720.56        9760.69            10.8            12.04
    99829        SUCCESS        4            92        0.3        9756.63        9762.4            20.8            5.19
    96494        SUCCESS        3            18        0.3        9745.39        9764            16.5            9.3
    99685        SUCCESS        4            93        0.3        9758.39        9766.74            17.5            7.52
    91710        SUCCESS        4            95        0.3        9758.98        9768.73            29.6            8.78
    99955        SUCCESS        4            92        0.3        9762.4        9769.9            32.9            6.76
    91850        SUCCESS        4            95        0.3        9768.73        9774.13            23.7            4.86
    99982        SUCCESS        4            93        0.3        9766.74        9775.1            9.7            7.52
    97140        SUCCESS        3            19        0.3        9757.43        9776.2            27.8            9.39
    99994        SUCCESS        4            93        0.3        9775.1        9779.58            21.6            4.03
    99988        SUCCESS        4            92        0.3        9769.9        9782.15            22.4            11.02
    96768        SUCCESS        3            18        0.3        9764        9783.32            27.9            9.66
    91929        SUCCESS        4            95        0.3        9774.13        9786.11            8.2            10.78
    97342        SUCCESS        3            19        0.3        9776.2        9794.44            28            9.12
    91934        SUCCESS        4            95        0.3        9786.11        9796.19            22.3            9.08
    96774        SUCCESS        3            18        0.3        9783.32        9799.06            29.8            7.87
    92082        SUCCESS        4            95        0.3        9796.19        9801.03            24.1            4.35
    97434        SUCCESS        3            19        0.3        9794.44        9801.66            20            3.61
    95257        SUCCESS        2            9        0.3        9760.69        9805.36            17.5            13.4
    92150        SUCCESS        4            95        0.3        9801.03        9812.38            11.2            10.21
    96828        SUCCESS        3            18        0.3        9799.06        9822.27            15.9            11.6
    97738        SUCCESS        3            19        0.3        9801.66        9824.13            32.6            11.23
    92152        SUCCESS        4            95        0.3        9812.38        9824.23            14.1            10.67
    92323        SUCCESS        4            95        0.3        9824.23        9830.96            35.8            6.06
    97860        SUCCESS        3            19        0.3        9824.13        9833.87            7.1            4.87
    92329        SUCCESS        4            95        0.3        9830.96        9834.01            9.9            2.74
    98203        SUCCESS        3            19        0.3        9833.87        9843.02            17.9            4.57
    95735        SUCCESS        2            9        0.3        9805.36        9843.53            29.4            11.45
    92452        SUCCESS        4            95        0.3        9834.01        9844.2            17.8            9.17
    97180        SUCCESS        3            18        0.3        9822.27        9846.42            2.6            12.07
    92529        SUCCESS        4            95        0.3        9844.2        9847.86            5.6            3.3
    92634        SUCCESS        4            95        0.3        9847.86        9851.83            23.9            3.57
    92697        SUCCESS        4            95        0.3        9851.83        9857.37            18.6            4.98
    97234        SUCCESS        3            18        0.3        9846.42        9859.55            11.2            6.57
    98299        SUCCESS        3            19        0.3        9843.02        9866.98            16.7            11.98
    97471        SUCCESS        3            18        0.3        9859.55        9867.53            19.9            3.99
    92699        SUCCESS        4            95        0.3        9857.37        9869.49            20.8            10.91
    97548        SUCCESS        3            18        0.3        9867.53        9872.59            20.2            2.53
    92776        SUCCESS        4            95        0.3        9869.49        9874.85            7.9            4.82
    96036        SUCCESS        2            9        0.3        9843.53        9880.24            13.5            11.01
    92815        SUCCESS        4            95        0.3        9874.85        9882.5            16.4            6.89
    98351        SUCCESS        3            19        0.3        9866.98        9883.47            27.5            8.25
    92822        SUCCESS        4            95        0.3        9882.5        9890.75            22.5            7.43
    97705        SUCCESS        3            18        0.3        9872.59        9891.71            14.2            9.56
    92871        SUCCESS        4            95        0.3        9890.75        9898.47            33.5            6.95
    92875        SUCCESS        4            95        0.3        9898.47        9904.19            33.4            5.15
    98517        SUCCESS        3            19        0.3        9883.47        9906.87            12.5            11.7
    97793        SUCCESS        3            18        0.3        9891.71        9911.81            23.8            10.05
    92896        SUCCESS        4            95        0.3        9904.19        9916.64            4.4            11.2
    97873        SUCCESS        3            18        0.3        9911.81        9918.57            29.2            3.38
    98651        SUCCESS        3            19        0.3        9906.87        9921.25            18.6            7.19
    96057        SUCCESS        2            9        0.3        9880.24        9925.43            25.8            13.56
    93050        SUCCESS        4            95        0.3        9916.64        9925.77            6.3            8.22
    93051        SUCCESS        4            95        0.3        9925.77        9932.39            7.4            5.96
    98752        SUCCESS        3            19        0.3        9921.25        9937.36            14.4            8.06
    97894        SUCCESS        3            18        0.3        9918.57        9941.42            22.8            11.42
    93055        SUCCESS        4            95        0.3        9932.39        9942.58            18.4            9.17
    93190        SUCCESS        4            95        0.3        9942.58        9952.63            25.5            9.04
    98918        SUCCESS        3            19        0.3        9937.36        9956.88            19.6            9.76
    93302        SUCCESS        4            95        0.3        9952.63        9957.27            25.9            4.18
    97915        SUCCESS        3            18        0.3        9941.42        9963.14            15.9            10.86
    99197        SUCCESS        3            19        0.3        9956.88        9964.55            31.5            3.83
    93355        SUCCESS        4            95        0.3        9957.27        9966.14            12.5            7.98
    96986        SUCCESS        2            9        0.3        9925.43        9971.67            13.9            13.87
    93462        SUCCESS        4            95        0.3        9966.14        9972.39            7.7            5.62
    98155        SUCCESS        3            18        0.3        9963.14        9976.87            12.5            6.86
    93472        SUCCESS        4            95        0.3        9972.39        9983.85            15.1            10.31
    98241        SUCCESS        3            18        0.3        9976.87        9985.97            18.4            4.55
    99433        SUCCESS        3            19        0.3        9964.55        9988.46            12.1            11.96
    98244        SUCCESS        2            9        0.3        9971.67        9990.15            24.9            5.54
    93474        SUCCESS        4            95        0.3        9983.85        9992.08            34.4            7.41
    93631        SUCCESS        4            95        0.3        9992.08        10000.68            22            7.74
    93798        SUCCESS        4            95        0.3        10000.68        10004.45            14.9            3.39
    99453        SUCCESS        3            19        0.3        9988.46        10010.64            30            11.09
    98575        SUCCESS        3            18        0.3        9985.97        10010.79            31.5            12.41
    93835        SUCCESS        4            95        0.3        10004.45        10014.82            18.5            9.33
    98328        SUCCESS        2            9        0.3        9990.15        10015.49            24.4            7.6
    99767        SUCCESS        3            19        0.3        10010.64        10016.1            10.2            2.73
    93953        SUCCESS        4            95        0.3        10014.82        10021.99            15            6.46
    99841        SUCCESS        3            19        0.3        10016.1        10023.7            25.4            3.8
    94193        SUCCESS        4            95        0.3        10021.99        10029.34            38.1            6.61
    98748        SUCCESS        3            18        0.3        10010.79        10033.72            23.1            11.46
    94328        SUCCESS        4            95        0.3        10029.34        10035.14            30.9            5.22
    99949        SUCCESS        3            19        0.3        10023.7        10036.13            33.9            6.22
    98777        SUCCESS        3            18        0.3        10033.72        10045.08            11.4            5.68
    94466        SUCCESS        4            95        0.3        10035.14        10046.18            10.1            9.94
    94604        SUCCESS        4            95        0.3        10046.18        10052.64            21.8            5.81
    98823        SUCCESS        3            18        0.3        10045.08        10053.95            13.9            4.44
    94607        SUCCESS        4            95        0.3        10052.64        10058.78            8.6            5.53
    98344        SUCCESS        2            9        0.3        10015.49        10063.14            24.2            14.3
    94689        SUCCESS        4            95        0.3        10058.78        10064.57            22.3            5.2
    98901        SUCCESS        3            18        0.3        10053.95        10065.08            24.2            5.56
    94728        SUCCESS        4            95        0.3        10064.57        10074.51            21.3            8.95
    99158        SUCCESS        3            18        0.3        10065.08        10078.37            14.3            6.65
    94760        SUCCESS        4            95        0.3        10074.51        10079.73            14.4            4.7
    94787        SUCCESS        4            95        0.3        10079.73        10083.37            16            3.28
    94798        SUCCESS        4            95        0.3        10083.37        10089.3            26.9            5.33
    99229        SUCCESS        3            18        0.3        10078.37        10098.03            16.8            9.83
    94859        SUCCESS        4            95        0.3        10089.3        10098.4            11.1            8.19
    98612        SUCCESS        2            9        0.3        10063.14        10109.46            18.2            13.9
    94889        SUCCESS        4            95        0.3        10098.4        10109.55            21.9            10.03
    99444        SUCCESS        3            18        0.3        10098.03        10112.37            26.2            7.17
    94932        SUCCESS        4            95        0.3        10109.55        10119.12            18.6            8.61
    94959        SUCCESS        4            95        0.3        10119.12        10128.41            31            8.37
    94988        SUCCESS        4            95        0.3        10128.41        10133.53            23.2            4.61
    99516        SUCCESS        3            18        0.3        10112.37        10133.68            7.5            10.65
    98793        SUCCESS        2            9        0.3        10109.46        10139.1            10.9            8.89
    94995        SUCCESS        4            95        0.3        10133.53        10142.25            22.9            7.84
    95070        SUCCESS        4            95        0.3        10142.25        10147.64            25.9            4.85
    99530        SUCCESS        3            18        0.3        10133.68        10149.28            13.6            7.8
    95149        SUCCESS        4            95        0.3        10147.64        10155.38            31            6.96
    99803        SUCCESS        3            18        0.3        10149.28        10155.44            24.8            3.08
    95405        SUCCESS        4            95        0.3        10155.38        10163.24            23.9            7.08
    95476        SUCCESS        4            95        0.3        10163.24        10166.22            18.4            2.68
    95479        SUCCESS        4            95        0.3        10166.22        10169.01            23.9            2.51
    95701        SUCCESS        4            95        0.3        10169.01        10171.55            31.8            2.29
    99856        SUCCESS        3            18        0.3        10155.44        10178.01            21.7            11.29
    95988        SUCCESS        4            95        0.3        10171.55        10182.27            15.2            9.65
    96047        SUCCESS        4            95        0.3        10182.27        10185.12            30            2.57
    99003        SUCCESS        2            9        0.3        10139.1        10188.5            26.8            14.82
    96256        SUCCESS        4            95        0.3        10185.12        10193.5            6.4            7.54
    96283        SUCCESS        4            95        0.3        10193.5        10197.26            21.5            3.38
    96513        SUCCESS        4            95        0.3        10197.26        10209.69            11.2            11.19
    99095        SUCCESS        2            9        0.3        10188.5        10209.7            12.3            6.36
    96571        SUCCESS        4            95        0.3        10209.69        10216.51            22.6            6.14
    96638        SUCCESS        4            95        0.3        10216.51        10223.53            23.8            6.31
    96661        SUCCESS        4            95        0.3        10223.53        10228.69            24.7            4.65
    96707        SUCCESS        4            95        0.3        10228.69        10233.68            20.9            4.49
    96779        SUCCESS        4            95        0.3        10233.68        10237.63            25.5            3.55
    96884        SUCCESS        4            95        0.3        10237.63        10245.43            34.2            7.02
    99676        SUCCESS        2            9        0.3        10209.7        10249.18            34.6            11.84
    97101        SUCCESS        4            95        0.3        10245.43        10252.37            10.5            6.24
    97179        SUCCESS        4            95        0.3        10252.37        10260.64            15.3            7.44
    97443        SUCCESS        4            95        0.3        10260.64        10270.41            7.2            8.79
    99774        SUCCESS        2            9        0.3        10249.18        10273.16            20.2            7.19
    97482        SUCCESS        4            95        0.3        10270.41        10277.07            12.2            5.99
    97493        SUCCESS        4            95        0.3        10277.07        10280.72            27.4            3.29
    97498        SUCCESS        4            95        0.3        10280.72        10293.03            10.7            11.08
    97555        SUCCESS        4            95        0.3        10293.03        10295.59            17.6            2.31
    97601        SUCCESS        4            95        0.3        10295.59        10300.83            22            4.72
    97669        SUCCESS        4            95        0.3        10300.83        10309.87            22.3            8.14
    97703        SUCCESS        4            95        0.3        10309.87        10322.21            13.6            11.1
    97709        SUCCESS        4            95        0.3        10322.21        10334.01            28.3            10.63
    97833        SUCCESS        4            95        0.3        10334.01        10345.54            28.9            10.38
    97918        SUCCESS        4            95        0.3        10345.54        10350.22            14.2            4.21
    98007        SUCCESS        4            95        0.3        10350.22        10356.77            14.9            5.89
    98044        SUCCESS        4            95        0.3        10356.77        10360.23            18.3            3.11
    98057        SUCCESS        4            95        0.3        10360.23        10372.48            21.8            11.03
    98111        SUCCESS        4            95        0.3        10372.48        10380.11            16.2            6.87
    98197        SUCCESS        4            95        0.3        10380.11        10389.07            25.9            8.06
    98226        SUCCESS        4            95        0.3        10389.07        10399.98            14            9.81
    98235        SUCCESS        4            95        0.3        10399.98        10409.96            17.4            8.98
    98265        SUCCESS        4            95        0.3        10409.96        10413.22            21.7            2.93
    98327        SUCCESS        4            95        0.3        10413.22        10419.99            15.3            6.1
    98456        SUCCESS        4            95        0.3        10419.99        10431.68            5.7            10.52
    98478        SUCCESS        4            95        0.3        10431.68        10437.89            14            5.59
    98546        SUCCESS        4            95        0.3        10437.89        10441.85            8.5            3.56
    98574        SUCCESS        4            95        0.3        10441.85        10445.66            22.5            3.43
    98578        SUCCESS        4            95        0.3        10445.66        10452.4            24.7            6.07
    98737        SUCCESS        4            95        0.3        10452.4        10464.01            14.3            10.45
    98931        SUCCESS        4            95        0.3        10464.01        10475.75            36.8            10.56
    98943        SUCCESS        4            95        0.3        10475.75        10479.42            19.1            3.31
    99050        SUCCESS        4            95        0.3        10479.42        10485.85            16            5.78
    99051        SUCCESS        4            95        0.3        10485.85        10496.56            27.2            9.64
    99061        SUCCESS        4            95        0.3        10496.56        10503.06            26            5.85
    99156        SUCCESS        4            95        0.3        10503.06        10515.16            8.4            10.89
    99426        SUCCESS        4            95        0.3        10515.16        10526.77            21.1            10.45
    99548        SUCCESS        4            95        0.3        10526.77        10531.21            22.5            4
    99580        SUCCESS        4            95        0.3        10531.21        10534.96            19.2            3.37
    99635        SUCCESS        4            95        0.3        10534.96        10544.12            10.1            8.24
    99653        SUCCESS        4            95        0.3        10544.12        10553.59            22.9            8.53
    99736        SUCCESS        4            95        0.3        10553.59        10560.26            34.3            6
    99777        SUCCESS        4            95        0.3        10560.26        10567.51            19.4            6.53
    99833        SUCCESS        4            95        0.3        10567.51        10570.75            11.4            2.91
    99906        SUCCESS        4            95        0.3        10570.75        10578.3            23.3            6.8
makespan: 10578.301000013758
LB: 949.2750547433241
cost: 689942.7511759418

Whale Optimization Algorithm Example
