    97786        SUCCESS        4            96        0.3        37135.02        37145.14            25.8            9.11
    93142        SUCCESS        4            97        0.3        37140.77        37147.69            17.5            6.23
    97200        SUCCESS        4            90        0.3        37144.21        37153.1            24.2            8
    99913        SUCCESS        4            94        0.3        37141.44        37153.36            19.8            10.73
    97792        SUCCESS        4            96        0.3        37145.14        37153.47            32.8            7.5
    97825        SUCCESS        4            96        0.3        37153.47        37156.51            16.4            2.73
    99914        SUCCESS        4            94        0.3        37153.36        37159.6            16.6            5.61
    93163        SUCCESS        4            97        0.3        37147.69        37159.83            28.8            10.93
    97836        SUCCESS        4            96        0.3        37156.51        37163.81            14.6            6.57
    97232        SUCCESS        4            90        0.3        37153.1        37165.58            15.9            11.23
    97859        SUCCESS        4            96        0.3        37163.81        37169.97            36.1            5.55
    93172        SUCCESS        4            97        0.3        37159.83        37170.43            5.1            9.53
    99937        SUCCESS        4            94        0.3        37159.6        37171.02            3.8            10.28
    99950        SUCCESS        4            94        0.3        37171.02        37173.67            25.7            2.39
    97237        SUCCESS        4            90        0.3        37165.58        37177.7            20            10.9
    97868        SUCCESS        4            96        0.3        37169.97        37180.11            16.6            9.13
    93181        SUCCESS        4            97        0.3        37170.43        37180.56            11            9.11
    99958        SUCCESS        4            94        0.3        37173.67        37181.69            22.1            7.22
    97239        SUCCESS        4            90        0.3        37177.7        37185.58            17.3            7.09
    99980        SUCCESS        4            94        0.3        37181.69        37185.79            17.9            3.69
    97955        SUCCESS        4            96        0.3        37180.11        37190.11            39            9
    93190        SUCCESS        4            97        0.3        37180.56        37190.6            25.5            9.04
    97251        SUCCESS        4            90        0.3        37185.58        37193.11            27.4            6.78
    99998        SUCCESS        4            94        0.3        37185.79        37193.36            17.8            6.82
    97970        SUCCESS        4            96        0.3        37190.11        37195.06            26.8            4.46
    97252        SUCCESS        4            90        0.3        37193.11        37200.16            27.8            6.35
    93201        SUCCESS        4            97        0.3        37190.6        37201.73            26.4            10.02
    98028        SUCCESS        4            96        0.3        37195.06        37202.31            21.8            6.53
    98032        SUCCESS        4            96        0.3        37202.31        37209.19            5.5            6.19
    97260        SUCCESS        4            90        0.3        37200.16        37209.46            21.7            8.37
    93218        SUCCESS        4            97        0.3        37201.73        37211            14.6            8.34
    98070        SUCCESS        4            96        0.3        37209.19        37218.15            35            8.06
    97266        SUCCESS        4            90        0.3        37209.46        37220.29            18.6            9.75
    93231        SUCCESS        4            97        0.3        37211        37222.53            24.3            10.38
    97280        SUCCESS        4            90        0.3        37220.29        37225.18            8.5            4.39
    98071        SUCCESS        4            96        0.3        37218.15        37226.64            11.4            7.64
    97285        SUCCESS        4            90        0.3        37225.18        37231.32            31            5.53
    93241        SUCCESS        4            97        0.3        37222.53        37231.98            18.2            8.5
    97287        SUCCESS        4            90        0.3        37231.32        37235.55            37.5            3.8
    98077        SUCCESS        4            96        0.3        37226.64        37237.94            26.1            10.17
    97289        SUCCESS        4            90        0.3        37235.55        37238.87            17            2.99
    98091        SUCCESS        4            96        0.3        37237.94        37240.91            24            2.67
    93303        SUCCESS        4            97        0.3        37231.98        37243.71            6.5            10.57
    97341        SUCCESS        4            90        0.3        37238.87        37248.91            27.1            9.03
    98104        SUCCESS        4            96        0.3        37240.91        37251.4            26.9            9.44
    93307        SUCCESS        4            97        0.3        37243.71        37252.96            12.6            8.32
    98107        SUCCESS        4            96        0.3        37251.4        37254.78            16.7            3.04
    98123        SUCCESS        4            96        0.3        37254.78        37257.51            22.6            2.46
    97374        SUCCESS        4            90        0.3        37248.91        37257.93            22.7            8.12
    98143        SUCCESS        4            96        0.3        37257.51        37260.68            22.2            2.85
    93333        SUCCESS        4            97        0.3        37252.96        37261.2            20.2            7.42
    97384        SUCCESS        4            90        0.3        37257.93        37262.95            16.7            4.51
    93335        SUCCESS        4            97        0.3        37261.2        37265.41            9.4            3.79
    98146        SUCCESS        4            96        0.3        37260.68        37265.52            30.2            4.36
    97396        SUCCESS        4            90        0.3        37262.95        37269.41            13            5.82
    93337        SUCCESS        4            97        0.3        37265.41        37270.59            27.6            4.66
    93339        SUCCESS        4            97        0.3        37270.59        37274.57            25.8            3.58
    97408        SUCCESS        4            90        0.3        37269.41        37274.68            10.6            4.74
    98153        SUCCESS        4            96        0.3        37265.52        37275.11            21.1            8.64
    93343        SUCCESS        4            97        0.3        37274.57        37282.64            20            7.27
    98165        SUCCESS        4            96        0.3        37275.11        37283.56            19.4            7.6
    97450        SUCCESS        4            90        0.3        37274.68        37284.87            14.6            9.17
    97494        SUCCESS        4            90        0.3        37284.87        37289.24            19.2            3.93
    93345        SUCCESS        4            97        0.3        37282.64        37291.35            22.7            7.84
    97512        SUCCESS        4            90        0.3        37289.24        37292.12            30.5            2.59
    98185        SUCCESS        4            96        0.3        37283.56        37293.54            24.9            8.98
    93349        SUCCESS        4            97        0.3        37291.35        37298.37            22            6.32
    97523        SUCCESS        4            90        0.3        37292.12        37298.88            5.2            6.09
    98198        SUCCESS        4            96        0.3        37293.54        37299.09            14.8            5
    93367        SUCCESS        4            97        0.3        37298.37        37303.49            14.1            4.61
    98210        SUCCESS        4            96        0.3        37299.09        37305.18            19.3            5.48
    97629        SUCCESS        4            90        0.3        37298.88        37305.99            10.7            6.4
    98219        SUCCESS        4            96        0.3        37305.18        37311.4            28.2            5.6
    97673        SUCCESS        4            90        0.3        37305.99        37312.03            13.9            5.43
    93371        SUCCESS        4            97        0.3        37303.49        37312.17            17.8            7.81
    93387        SUCCESS        4            97        0.3        37312.17        37315.87            21.1            3.33
    97675        SUCCESS        4            90        0.3        37312.03        37316.24            12.9            3.79
    98253        SUCCESS        4            96        0.3        37311.4        37317.79            38            5.75
    97691        SUCCESS        4            90        0.3        37316.24        37320.57            31.5            3.9
    93410        SUCCESS        4            97        0.3        37315.87        37324.64            13.5            7.9
    97715        SUCCESS        4            90        0.3        37320.57        37327.61            27.4            6.33
    98279        SUCCESS        4            96        0.3        37317.79        37329.24            15.5            10.3
    93423        SUCCESS        4            97        0.3        37324.64        37329.55            29.4            4.42
    93426        SUCCESS        4            97        0.3        37329.55        37335.59            14.6            5.43
    97718        SUCCESS        4            90        0.3        37327.61        37338.05            27            9.4
    98296        SUCCESS        4            96        0.3        37329.24        37338.79            19.8            8.6
    97719        SUCCESS        4            90        0.3        37338.05        37343.77            22.5            5.15
    98307        SUCCESS        4            96        0.3        37338.79        37346.65            22.1            7.07
    93440        SUCCESS        4            97        0.3        37335.59        37347.66            33.8            10.86
    97745        SUCCESS        4            90        0.3        37343.77        37352.4            6.9            7.77
    98318        SUCCESS        4            96        0.3        37346.65        37354.87            9.7            7.39
    93472        SUCCESS        4            97        0.3        37347.66        37359.12            15.1            10.31
    98329        SUCCESS        4            96        0.3        37354.87        37360.46            18.4            5.04
    97770        SUCCESS        4            90        0.3        37352.4        37363.22            10.7            9.73
    93500        SUCCESS        4            97        0.3        37359.12        37366.56            6.4            6.7
    97791        SUCCESS        4            90        0.3        37363.22        37370            15.9            6.11
    98374        SUCCESS        4            96        0.3        37360.46        37372.11            35.1            10.48
    93514        SUCCESS        4            97        0.3        37366.56        37378.77            7.7            10.99
    97811        SUCCESS        4            90        0.3        37370        37379.31            12.1            8.38
    93545        SUCCESS        4            97        0.3        37378.77        37382.71            19.7            3.55
    98390        SUCCESS        4            96        0.3        37372.11        37383.98            18.1            10.68
    97816        SUCCESS        4            90        0.3        37379.31        37387.26            33.7            7.15
    98473        SUCCESS        4            96        0.3        37383.98        37392.44            27.1            7.62
    93551        SUCCESS        4            97        0.3        37382.71        37394.72            23.5            10.81
    98510        SUCCESS        4            96        0.3        37392.44        37395.03            35.5            2.33
    97828        SUCCESS        4            90        0.3        37387.26        37396.07            31.4            7.92
    98526        SUCCESS        4            96        0.3        37395.03        37400.47            24.6            4.89
    93555        SUCCESS        4            97        0.3        37394.72        37404.23            18.5            8.56
    97846        SUCCESS        4            90        0.3        37396.07        37405.61            23.7            8.59
    98566        SUCCESS        4            96        0.3        37400.47        37405.72            25.4            4.72
    97850        SUCCESS        4            90        0.3        37405.61        37409.99            34.7            3.94
    98616        SUCCESS        4            96        0.3        37405.72        37414.86            22.9            8.23
    97853        SUCCESS        4            90        0.3        37409.99        37416.08            28.7            5.49
    93558        SUCCESS        4            97        0.3        37404.23        37416.24            30            10.81
    98627        SUCCESS        4            96        0.3        37414.86        37419.86            13.5            4.5
    93590        SUCCESS        4            97        0.3        37416.24        37425.64            14.6            8.46
    97902        SUCCESS        4            90        0.3        37416.08        37428.26            18            10.96
    98632        SUCCESS        4            96        0.3        37419.86        37428.58            18.8            7.85
    98646        SUCCESS        4            96        0.3        37428.58        37431.54            28.7            2.66
    93614        SUCCESS        4            97        0.3        37425.64        37433.1            8.4            6.72
    98650        SUCCESS        4            96        0.3        37431.54        37437.44            19.4            5.31
    97935        SUCCESS        4            90        0.3        37428.26        37438.12            13.6            8.87
    93629        SUCCESS        4            97        0.3        37433.1        37438.93            25.8            5.24
    98662        SUCCESS        4            96        0.3        37437.44        37440.31            16.8            2.59
    97956        SUCCESS        4            90        0.3        37438.12        37440.83            29.7            2.44
    98668        SUCCESS        4            96        0.3        37440.31        37443.2            29.2            2.6
    98674        SUCCESS        4            96        0.3        37443.2        37445.95            8.1            2.47
    97968        SUCCESS        4            90        0.3        37440.83        37447.81            20.1            6.28
    93637        SUCCESS        4            97        0.3        37438.93        37447.92            15.6            8.09
    98696        SUCCESS        4            96        0.3        37445.95        37451.1            18.4            4.63
    97971        SUCCESS        4            90        0.3        37447.81        37452.61            17            4.32
    98723        SUCCESS        4            96        0.3        37451.1        37457.53            27.7            5.79
    93650        SUCCESS        4            97        0.3        37447.92        37457.64            16            8.75
    97974        SUCCESS        4            90        0.3        37452.61        37464.69            26.2            10.87
    93655        SUCCESS        4            97        0.3        37457.64        37465.59            33.1            7.15
    98755        SUCCESS        4            96        0.3        37457.53        37468.18            20.7            9.58
    97992        SUCCESS        4            90        0.3        37464.69        37472.19            10.6            6.76
    98782        SUCCESS        4            96        0.3        37468.18        37472.66            19            4.04
    98784        SUCCESS        4            96        0.3        37472.66        37477.13            24.2            4.02
    93660        SUCCESS        4            97        0.3        37465.59        37477.45            32.1            10.68
    98023        SUCCESS        4            90        0.3        37472.19        37478.59            14.9            5.76
    98786        SUCCESS        4            96        0.3        37477.13        37482.45            35.1            4.79
    98041        SUCCESS        4            90        0.3        37478.59        37483.04            26.9            4.01
    93665        SUCCESS        4            97        0.3        37477.45        37487.52            19.6            9.06
    98047        SUCCESS        4            90        0.3        37483.04        37488.17            20.4            4.61
    98809        SUCCESS        4            96        0.3        37482.45        37493.24            6.4            9.71
    93676        SUCCESS        4            97        0.3        37487.52        37494.36            30.5            6.16
    98051        SUCCESS        4            90        0.3        37488.17        37498.01            26            8.86
    93681        SUCCESS        4            97        0.3        37494.36        37499.82            32.5            4.91
    98060        SUCCESS        4            90        0.3        37498.01        37501.17            29.3            2.85
    98845        SUCCESS        4            96        0.3        37493.24        37503.17            17.9            8.94
    98075        SUCCESS        4            90        0.3        37501.17        37503.74            21.2            2.31
    93686        SUCCESS        4            97        0.3        37499.82        37504.04            4.1            3.79
    98846        SUCCESS        4            96        0.3        37503.17        37506.01            28.2            2.55
    98847        SUCCESS        4            96        0.3        37506.01        37515.38            13.3            8.44
    98098        SUCCESS        4            90        0.3        37503.74        37515.84            31.1            10.88
    93713        SUCCESS        4            97        0.3        37504.04        37516.29            7.7            11.03
    98858        SUCCESS        4            96        0.3        37515.38        37521.28            28.4            5.31
    98122        SUCCESS        4            90        0.3        37515.84        37523.88            14.1            7.24
    93718        SUCCESS        4            97        0.3        37516.29        37527.3            11            9.91
    98891        SUCCESS        4            96        0.3        37521.28        37529.24            32.8            7.16
    98131        SUCCESS        4            90        0.3        37523.88        37533.08            21.8            8.27
    98138        SUCCESS        4            90        0.3        37533.08        37535.89            16.3            2.53
    98175        SUCCESS        4            90        0.3        37535.89        37538.86            17.1            2.67
    93725        SUCCESS        4            97        0.3        37527.3        37539.32            15            10.82
    98923        SUCCESS        4            96        0.3        37529.24        37539.45            29.4            9.19
    98191        SUCCESS        4            90        0.3        37538.86        37544.86            20.5            5.4
    98932        SUCCESS        4            96        0.3        37539.45        37546.42            19.3            6.27
    93731        SUCCESS        4            97        0.3        37539.32        37551.05            18.8            10.56
    98933        SUCCESS        4            96        0.3        37546.42        37555.74            16.6            8.39
    98195        SUCCESS        4            90        0.3        37544.86        37557.2            29.5            11.11
    93742        SUCCESS        4            97        0.3        37551.05        37560.45            19.3            8.46
    98952        SUCCESS        4            96        0.3        37555.74        37563.68            11.3            7.15
    93826        SUCCESS        4            97        0.3        37560.45        37563.95            14.7            3.15
    98233        SUCCESS        4            90        0.3        37557.2        37565.47            28            7.45
    93870        SUCCESS        4            97        0.3        37563.95        37569.8            28.1            5.26
    93874        SUCCESS        4            97        0.3        37569.8        37572.35            17.7            2.29
    98980        SUCCESS        4            96        0.3        37563.68        37575.25            21.8            10.42
    93882        SUCCESS        4            97        0.3        37572.35        37575.87            22.1            3.17
    98234        SUCCESS        4            90        0.3        37565.47        37576.99            24            10.36
    98290        SUCCESS        4            90        0.3        37576.99        37580.01            20.4            2.72
    93889        SUCCESS        4            97        0.3        37575.87        37581.17            9.6            4.77
    98999        SUCCESS        4            96        0.3        37575.25        37584.04            23.2            7.91
    93895        SUCCESS        4            97        0.3        37581.17        37584.17            31.2            2.71
    93897        SUCCESS        4            97        0.3        37584.17        37590.28            18.4            5.5
    98299        SUCCESS        4            90        0.3        37580.01        37591.99            16.7            10.78
    98302        SUCCESS        4            90        0.3        37591.99        37595.47            35.1            3.14
    99005        SUCCESS        4            96        0.3        37584.04        37595.58            11.7            10.39
    93918        SUCCESS        4            97        0.3        37590.28        37600.48            34.2            9.18
    98306        SUCCESS        4            90        0.3        37595.47        37601.13            34.5            5.09
    99007        SUCCESS        4            96        0.3        37595.58        37603.69            18.1            7.3
    98313        SUCCESS        4            90        0.3        37601.13        37603.8            32            2.4
    99035        SUCCESS        4            96        0.3        37603.69        37608.54            9.3            4.37
    93958        SUCCESS        4            97        0.3        37600.48        37612.5            16.4            10.81
    98364        SUCCESS        4            90        0.3        37603.8        37612.62            9.6            7.94
    99079        SUCCESS        4            96        0.3        37608.54        37618.52            21.4            8.98
    93960        SUCCESS        4            97        0.3        37612.5        37620.41            25.6            7.12
    98406        SUCCESS        4            90        0.3        37612.62        37621.44            16.7            7.94
    99128        SUCCESS        4            96        0.3        37618.52        37626.02            11.7            6.75
    93966        SUCCESS        4            97        0.3        37620.41        37626.79            15.2            5.74
    98424        SUCCESS        4            90        0.3        37621.44        37628.87            14.6            6.69
    99148        SUCCESS        4            96        0.3        37626.02        37630.62            28.7            4.14
    98443        SUCCESS        4            90        0.3        37628.87        37632.04            27.3            2.85
    93985        SUCCESS        4            97        0.3        37626.79        37633.71            25.2            6.23
    99171        SUCCESS        4            96        0.3        37630.62        37642.92            33.3            11.08
    93997        SUCCESS        4            97        0.3        37633.71        37643.48            26.1            8.79
    98496        SUCCESS        4            90        0.3        37632.04        37644.26            25.9            11
    99197        SUCCESS        4            96        0.3        37642.92        37646.75            31.5            3.45
    98508        SUCCESS        4            90        0.3        37644.26        37650.39            21.9            5.52
    94026        SUCCESS        4            97        0.3        37643.48        37654.57            11.5            9.98
    99198        SUCCESS        4            96        0.3        37646.75        37654.98            13.4            7.41
    98522        SUCCESS        4            90        0.3        37650.39        37659.44            29            8.14
    94096        SUCCESS        4            97        0.3        37654.57        37660.02            16            4.9
    99232        SUCCESS        4            96        0.3        37654.98        37660.78            12.2            5.22
    94141        SUCCESS        4            97        0.3        37660.02        37663.58            23.7            3.2
    99247        SUCCESS        4            96        0.3        37660.78        37665.75            20.4            4.47
    98528        SUCCESS        4            90        0.3        37659.44        37667.08            26.2            6.88
    94149        SUCCESS        4            97        0.3        37663.58        37668.12            35.8            4.09
    94174        SUCCESS        4            97        0.3        37668.12        37677.55            30.4            8.49
    99302        SUCCESS        4            96        0.3        37665.75        37677.84            26.1            10.88
    98532        SUCCESS        4            90        0.3        37667.08        37679.34            22.2            11.03
    99313        SUCCESS        4            96        0.3        37677.84        37683.5            15.8            5.09
    98545        SUCCESS        4            90        0.3        37679.34        37687.86            17.5            7.67
    99344        SUCCESS        4            96        0.3        37683.5        37689.22            21            5.15
    94223        SUCCESS        4            97        0.3        37677.55        37690            10.1            11.2
    98574        SUCCESS        4            90        0.3        37687.86        37691.67            22.5            3.43
    99454        SUCCESS        4            96        0.3        37689.22        37696.72            16.3            6.75
    98613        SUCCESS        4            90        0.3        37691.67        37697.68            16            5.41
    99470        SUCCESS        4            96        0.3        37696.72        37699.81            27.6            2.78
    94247        SUCCESS        4            97        0.3        37690        37701.41            15.8            10.26
    98618        SUCCESS        4            90        0.3        37697.68        37704.5            25.3            6.13
    99472        SUCCESS        4            96        0.3        37699.81        37710.32            36.7            9.46
    94278        SUCCESS        4            97        0.3        37701.41        37711.13            33            8.75
    98622        SUCCESS        4            90        0.3        37704.5        37714.36            9.7            8.87
    94288        SUCCESS        4            97        0.3        37711.13        37714.47            28.6            3
    99500        SUCCESS        4            96        0.3        37710.32        37718.07            9.7            6.98
    99537        SUCCESS        4            96        0.3        37718.07        37722.04            19            3.57
    94330        SUCCESS        4            97        0.3        37714.47        37722.41            33.2            7.15
    98629        SUCCESS        4            90        0.3        37714.36        37725.56            20.6            10.09
    98640        SUCCESS        4            90        0.3        37725.56        37732.75            27            6.47
    94335        SUCCESS        4            97        0.3        37722.41        37733.48            11.5            9.97
    99547        SUCCESS        4            96        0.3        37722.04        37734.32            17.6            11.05
    98649        SUCCESS        4            90        0.3        37732.75        37741.25            22.8            7.65
    99552        SUCCESS        4            96        0.3        37734.32        37742.12            24.5            7.02
    94362        SUCCESS        4            97        0.3        37733.48        37743.86            33.6            9.34
    98706        SUCCESS        4            90        0.3        37741.25        37747.36            33.2            5.49
    94373        SUCCESS        4            97        0.3        37743.86        37749.83            32.1            5.38
    99574        SUCCESS        4            96        0.3        37742.12        37751.97            17.8            8.87
    94397        SUCCESS        4            97        0.3        37749.83        37752.53            33.9            2.43
    98741        SUCCESS        4            90        0.3        37747.36        37757.46            19.7            9.09
    94403        SUCCESS        4            97        0.3        37752.53        37759.28            11.4            6.08
    99579        SUCCESS        4            96        0.3        37751.97        37759.88            12.3            7.11
    94415        SUCCESS        4            97        0.3        37759.28        37762.21            18.1            2.64
    98747        SUCCESS        4            90        0.3        37757.46        37764.48            23.3            6.32
    99603        SUCCESS        4            96        0.3        37759.88        37768.36            27.2            7.63
    98780        SUCCESS        4            90        0.3        37764.48        37768.47            29.4            3.59
    94425        SUCCESS        4            97        0.3        37762.21        37771.38            17.1            8.25
    94431        SUCCESS        4            97        0.3        37771.38        37774.62            24.4            2.92
    99643        SUCCESS        4            96        0.3        37768.36        37775.4            21.8            6.34
    94470        SUCCESS        4            97        0.3        37774.62        37779.13            30.3            4.06
    98814        SUCCESS        4            90        0.3        37768.47        37780.36            7.4            10.71
    99654        SUCCESS        4            96        0.3        37775.4        37784.33            24.3            8.03
    94478        SUCCESS        4            97        0.3        37779.13        37784.56            32.1            4.89
    99668        SUCCESS        4            96        0.3        37784.33        37787.44            23.6            2.8
    98892        SUCCESS        4            90        0.3        37780.36        37788.56            17.7            7.38
    94483        SUCCESS        4            97        0.3        37784.56        37795.18            13.5            9.56
    99691        SUCCESS        4            96        0.3        37787.44        37799.84            23.9            11.16
    94522        SUCCESS        4            97        0.3        37795.18        37800.4            21.5            4.69
    98921        SUCCESS        4            90        0.3        37788.56        37800.92            13.5            11.13
    99698        SUCCESS        4            96        0.3        37799.84        37810.21            4.8            9.33
    94533        SUCCESS        4            97        0.3        37800.4        37810.34            23.2            8.95
    98935        SUCCESS        4            90        0.3        37800.92        37810.94            10.8            9.02
    94536        SUCCESS        4            97        0.3        37810.34        37813.85            20.4            3.16
    94557        SUCCESS        4            97        0.3        37813.85        37819.53            16.8            5.11
    98946        SUCCESS        4            90        0.3        37810.94        37820.47            19.5            8.58
    99720        SUCCESS        4            96        0.3        37810.21        37821.07            11.6            9.78
    98954        SUCCESS        4            90        0.3        37820.47        37824.51            9.3            3.64
    94572        SUCCESS        4            97        0.3        37819.53        37827.5            24.2            7.17
    94589        SUCCESS        4            97        0.3        37827.5        37832.46            23.4            4.46
    99734        SUCCESS        4            96        0.3        37821.07        37833.55            27.5            11.22
    94595        SUCCESS        4            97        0.3        37832.46        37836.47            4.5            3.61
    99003        SUCCESS        4            90        0.3        37824.51        37836.86            26.8            11.11
    99010        SUCCESS        4            90        0.3        37836.86        37842.99            25.9            5.52
    99756        SUCCESS        4            96        0.3        37833.55        37843.79            18.9            9.22
    94609        SUCCESS        4            97        0.3        37836.47        37844.16            25.4            6.92
    99011        SUCCESS        4            90        0.3        37842.99        37847.92            19            4.44
    94619        SUCCESS        4            97        0.3        37844.16        37850.27            22.7            5.5
    99787        SUCCESS        4            96        0.3        37843.79        37851.59            33            7.01
    99032        SUCCESS        4            90        0.3        37847.92        37858.94            10            9.91
    94626        SUCCESS        4            97        0.3        37850.27        37860.19            25.8            8.93
    99802        SUCCESS        4            96        0.3        37851.59        37860.3            26.7            7.84
    99806        SUCCESS        4            96        0.3        37860.3        37863.41            25.7            2.79
    94627        SUCCESS        4            97        0.3        37860.19        37866.74            31.1            5.89
    99824        SUCCESS        4            96        0.3        37863.41        37866.85            19.9            3.1
    99046        SUCCESS        4            90        0.3        37858.94        37868.98            22.7            9.04
    99067        SUCCESS        4            90        0.3        37868.98        37872.88            36.4            3.51
    99854        SUCCESS        4            96        0.3        37866.85        37873.83            21.2            6.28
    94669        SUCCESS        4            97        0.3        37866.74        37874.93            17.3            7.37
    99084        SUCCESS        4            90        0.3        37872.88        37875.73            9.7            2.56
    99130        SUCCESS        4            90        0.3        37875.73        37880.92            25.4            4.67
    94696        SUCCESS        4            97        0.3        37874.93        37881.31            11.6            5.74
    99887        SUCCESS        4            96        0.3        37873.83        37882.09            4.9            7.44
    94714        SUCCESS        4            97        0.3        37881.31        37884.75            22.7            3.1
    99902        SUCCESS        4            96        0.3        37882.09        37888.86            25            6.09
    99137        SUCCESS        4            90        0.3        37880.92        37893.08            22.5            10.95
    94718        SUCCESS        4            97        0.3        37884.75        37895.48            5.8            9.65
    99141        SUCCESS        4            90        0.3        37893.08        37897.99            20.2            4.41
    99915        SUCCESS        4            96        0.3        37888.86        37900.78            19.6            10.73
    94720        SUCCESS        4            97        0.3        37895.48        37904.88            23.1            8.46
    99943        SUCCESS        4            96        0.3        37900.78        37906.95            14.8            5.55
    99147        SUCCESS        4            90        0.3        37897.99        37908.81            27.3            9.74
    99956        SUCCESS        4            96        0.3        37906.95        37913.3            18.8            5.72
    94722        SUCCESS        4            97        0.3        37904.88        37916.26            19.2            10.24
    94730        SUCCESS        4            97        0.3        37916.26        37919.47            22.6            2.89
    99161        SUCCESS        4            90        0.3        37908.81        37920.62            21.5            10.63
    99957        SUCCESS        4            96        0.3        37913.3        37922.07            27.2            7.89
    94755        SUCCESS        4            97        0.3        37919.47        37922.89            37.1            3.08
    99185        SUCCESS        4            90        0.3        37920.62        37925.4            15.1            4.3
    94757        SUCCESS        4            97        0.3        37922.89        37932.43            12.7            8.58
    99991        SUCCESS        4            96        0.3        37922.07        37932.69            15.2            9.56
    99191        SUCCESS        4            90        0.3        37925.4        37934.09            15.4            7.82
    94760        SUCCESS        4            97        0.3        37932.43        37937.64            14.4            4.7
    99212        SUCCESS        4            90        0.3        37934.09        37945.63            18            10.39
    94778        SUCCESS        4            97        0.3        37937.64        37948.13            34.1            9.43
    99297        SUCCESS        4            90        0.3        37945.63        37949.66            12.3            3.62
    99317        SUCCESS        4            90        0.3        37949.66        37956.66            26.8            6.3
    94841        SUCCESS        4            97        0.3        37948.13        37958.35            16.5            9.2
    94856        SUCCESS        4            97        0.3        37958.35        37968.03            9.6            8.71
    99323        SUCCESS        4            90        0.3        37956.66        37968.46            14.6            10.62
    94879        SUCCESS        4            97        0.3        37968.03        37971.4            13.4            3.04
    94897        SUCCESS        4            97        0.3        37971.4        37979.25            9.4            7.06
    99335        SUCCESS        4            90        0.3        37968.46        37979.37            29.9            9.82
    99352        SUCCESS        4            90        0.3        37979.37        37982.59            21.6            2.9
    94905        SUCCESS        4            97        0.3        37979.25        37990.94            13.4            10.51
    99362        SUCCESS        4            90        0.3        37982.59        37993.49            21.7            9.81
    94947        SUCCESS        4            97        0.3        37990.94        37995.46            21.2            4.07
    99363        SUCCESS        4            90        0.3        37993.49        38001.24            8.6            6.98
    94969        SUCCESS        4            97        0.3        37995.46        38002.27            9.2            6.13
    99371        SUCCESS        4            90        0.3        38001.24        38005.85            20.4            4.15
    99424        SUCCESS        4            90        0.3        38005.85        38010.4            13.2            4.09
    94975        SUCCESS        4            97        0.3        38002.27        38010.84            11.7            7.71
    99430        SUCCESS        4            90        0.3        38010.4        38014.88            17.6            4.03
    95000        SUCCESS        4            97        0.3        38010.84        38015.88            23.1            4.53
    99436        SUCCESS        4            90        0.3        38014.88        38025.67            27.2            9.71
    95039        SUCCESS        4            97        0.3        38015.88        38027.2            22.7            10.19
    99459        SUCCESS        4            90        0.3        38025.67        38033.07            10.1            6.66
    95062        SUCCESS        4            97        0.3        38027.2        38034.71            14.6            6.76
    99476        SUCCESS        4            90        0.3        38033.07        38040.66            21.9            6.83
    95064        SUCCESS        4            97        0.3        38034.71        38046.04            13            10.2
    99477        SUCCESS        4            90        0.3        38040.66        38050.79            10.1            9.12
    95089        SUCCESS        4            97        0.3        38046.04        38054.72            14.7            7.8
    99487        SUCCESS        4            90        0.3        38050.79        38060.07            17.6            8.35
    95098        SUCCESS        4            97        0.3        38054.72        38066.34            7.1            10.47
    99514        SUCCESS        4            90        0.3        38060.07        38067.65            24.9            6.82
    95099        SUCCESS        4            97        0.3        38066.34        38072.07            9.3            5.15
    99523        SUCCESS        4            90        0.3        38067.65        38074.12            32            5.83
    99533        SUCCESS        4            90        0.3        38074.12        38081.93            28.3            7.02
    95119        SUCCESS        4            97        0.3        38072.07        38082.04            23.2            8.97
    95191        SUCCESS        4            97        0.3        38082.04        38084.95            31.4            2.61
    99631        SUCCESS        4            90        0.3        38081.93        38086.62            27.4            4.22
    95214        SUCCESS        4            97        0.3        38084.95        38092.21            23.3            6.54
    99639        SUCCESS        4            90        0.3        38086.62        38096.15            19.9            8.58
    95225        SUCCESS        4            97        0.3        38092.21        38100.28            33.9            7.26
    99651        SUCCESS        4            90        0.3        38096.15        38106.88            28.6            9.66
    95238        SUCCESS        4            97        0.3        38100.28        38107.63            17.3            6.62
    95240        SUCCESS        4            97        0.3        38107.63        38110.71            12.2            2.77
    99695        SUCCESS        4            90        0.3        38106.88        38112.17            33.2            4.76
    95245        SUCCESS        4            97        0.3        38110.71        38119.31            18.4            7.74
    99697        SUCCESS        4            90        0.3        38112.17        38121.66            13.4            8.54
    95270        SUCCESS        4            97        0.3        38119.31        38126.63            36.8            6.58
    99714        SUCCESS        4            90        0.3        38121.66        38129.63            24.7            7.18
    99724        SUCCESS        4            90        0.3        38129.63        38135.21            24            5.02
    95283        SUCCESS        4            97        0.3        38126.63        38137.77            4.6            10.03
    99729        SUCCESS        4            90        0.3        38135.21        38144.16            13.1            8.05
    95288        SUCCESS        4            97        0.3        38137.77        38147.76            22.3            8.99
    99744        SUCCESS        4            90        0.3        38144.16        38148.6            22.8            4
    99749        SUCCESS        4            90        0.3        38148.6        38152.94            5            3.91
    99755        SUCCESS        4            90        0.3        38152.94        38155.76            19.9            2.54
    95352        SUCCESS        4            97        0.3        38147.76        38158.4            24.5            9.58
    99773        SUCCESS        4            90        0.3        38155.76        38160.54            21.4            4.3
    99789        SUCCESS        4            90        0.3        38160.54        38163.28            13.5            2.46
    95359        SUCCESS        4            97        0.3        38158.4        38166.51            23.4            7.3
    95375        SUCCESS        4            97        0.3        38166.51        38173.89            11.9            6.65
    99856        SUCCESS        4            90        0.3        38163.28        38174.56            21.7            10.16
    99890        SUCCESS        4            90        0.3        38174.56        38185.54            23.9            9.88
    95388        SUCCESS        4            97        0.3        38173.89        38186.3            15.5            11.17
    99922        SUCCESS        4            90        0.3        38185.54        38188.34            22.5            2.52
    99928        SUCCESS        4            90        0.3        38188.34        38191.66            27.6            2.99
    95394        SUCCESS        4            97        0.3        38186.3        38193.04            30.2            6.07
    95399        SUCCESS        4            97        0.3        38193.04        38196.61            33.5            3.21
    99969        SUCCESS        4            90        0.3        38191.66        38204.14            16.7            11.24
    95433        SUCCESS        4            97        0.3        38196.61        38209            21.7            11.15
    95484        SUCCESS        4            97        0.3        38209        38217.16            4.7            7.34
    95506        SUCCESS        4            97        0.3        38217.16        38228.09            17.5            9.83
    95561        SUCCESS        4            97        0.3        38228.09        38236.24            8.7            7.33
    95563        SUCCESS        4            97        0.3        38236.24        38246.34            7            9.09
    95584        SUCCESS        4            97        0.3        38246.34        38249.87            20            3.18
    95585        SUCCESS        4            97        0.3        38249.87        38253.26            16.6            3.05
    95630        SUCCESS        4            97        0.3        38253.26        38261.89            22.9            7.76
    95637        SUCCESS        4            97        0.3        38261.89        38272.47            11.1            9.52
    95644        SUCCESS        4            97        0.3        38272.47        38281.06            32.4            7.73
    95648        SUCCESS        4            97        0.3        38281.06        38290.38            32.5            8.39
    95650        SUCCESS        4            97        0.3        38290.38        38298.85            20.3            7.62
    95656        SUCCESS        4            97        0.3        38298.85        38309.75            25            9.8
    95669        SUCCESS        4            97        0.3        38309.75        38315.2            23.6            4.9
    95680        SUCCESS        4            97        0.3        38315.2        38321.63            23.5            5.79
    95705        SUCCESS        4            97        0.3        38321.63        38326.2            18.9            4.11
    95739        SUCCESS        4            97        0.3        38326.2        38331.34            15.1            4.63
    95862        SUCCESS        4            97        0.3        38331.34        38336.33            26.1            4.49
    95871        SUCCESS        4            97        0.3        38336.33        38347.99            19.3            10.49
    95900        SUCCESS        4            97        0.3        38347.99        38358.96            23.1            9.87
    95983        SUCCESS        4            97        0.3        38358.96        38369.43            19.8            9.42
    95992        SUCCESS        4            97        0.3        38369.43        38381.43            31.8            10.8
    95998        SUCCESS        4            97        0.3        38381.43        38393.28            14.8            10.67
    96041        SUCCESS        4            97        0.3        38393.28        38401.54            13.8            7.43
    96051        SUCCESS        4            97        0.3        38401.54        38409.74            32.2            7.38
    96071        SUCCESS        4            97        0.3        38409.74        38420.31            11.4            9.51
    96075        SUCCESS        4            97        0.3        38420.31        38430.73            23.4            9.38
    96081        SUCCESS        4            97        0.3        38430.73        38440.84            5            9.1
    96100        SUCCESS        4            97        0.3        38440.84        38449.64            15.3            7.92
    96112        SUCCESS        4            97        0.3        38449.64        38452.61            14.4            2.66
    96135        SUCCESS        4            97        0.3        38452.61        38461.87            18.8            8.34
    96153        SUCCESS        4            97        0.3        38461.87        38465.48            11.8            3.25
    96174        SUCCESS        4            97        0.3        38465.48        38473.31            27.3            7.04
    96177        SUCCESS        4            97        0.3        38473.31        38482.01            22.8            7.83
    96195        SUCCESS        4            97        0.3        38482.01        38486.21            20.4            3.78
    96205        SUCCESS        4            97        0.3        38486.21        38493.93            17.2            6.95
    96225        SUCCESS        4            97        0.3        38493.93        38501.51            25            6.82
    96227        SUCCESS        4            97        0.3        38501.51        38505.25            17.3            3.37
    96237        SUCCESS        4            97        0.3        38505.25        38509.93            28.3            4.22
    96245        SUCCESS        4            97        0.3        38509.93        38515.37            16.8            4.89
    96260        SUCCESS        4            97        0.3        38515.37        38519.83            17.5            4.02
    96270        SUCCESS        4            97        0.3        38519.83        38525.56            28.8            5.16
    96334        SUCCESS        4            97        0.3        38525.56        38536.37            27.2            9.73
    96344        SUCCESS        4            97        0.3        38536.37        38548.23            34.9            10.67
    96349        SUCCESS        4            97        0.3        38548.23        38555.91            21.6            6.91
    96371        SUCCESS        4            97        0.3        38555.91        38558.73            27.6            2.54
    96377        SUCCESS        4            97        0.3        38558.73        38568.25            19.3            8.57
    96395        SUCCESS        4            97        0.3        38568.25        38580.03            12.7            10.6
    96397        SUCCESS        4            97        0.3        38580.03        38590.42            38.5            9.35
    96415        SUCCESS        4            97        0.3        38590.42        38594.12            18.7            3.33
    96456        SUCCESS        4            97        0.3        38594.12        38603.19            20.5            8.16
    96467        SUCCESS        4            97        0.3        38603.19        38608.77            18.1            5.03
    96474        SUCCESS        4            97        0.3        38608.77        38613.55            18.4            4.3
    96479        SUCCESS        4            97        0.3        38613.55        38622.61            20.5            8.15
    96502        SUCCESS        4            97        0.3        38622.61        38633.73            16.7            10.01
    96552        SUCCESS        4            97        0.3        38633.73        38642.07            20.7            7.51
    96553        SUCCESS        4            97        0.3        38642.07        38651.94            32            8.89
    96568        SUCCESS        4            97        0.3        38651.94        38658.47            25.9            5.87
    96633        SUCCESS        4            97        0.3        38658.47        38667.66            7.4            8.27
    96635        SUCCESS        4            97        0.3        38667.66        38677.64            18.6            8.98
    96638        SUCCESS        4            97        0.3        38677.64        38684.66            23.8            6.31
    96660        SUCCESS        4            97        0.3        38684.66        38690.74            26.3            5.47
    96689        SUCCESS        4            97        0.3        38690.74        38694.16            25            3.08
    96695        SUCCESS        4            97        0.3        38694.16        38705.48            32.1            10.19
    96709        SUCCESS        4            97        0.3        38705.48        38709.56            25.1            3.67
    96719        SUCCESS        4            97        0.3        38709.56        38715.27            3.8            5.14
    96738        SUCCESS        4            97        0.3        38715.27        38727.19            13.3            10.73
    96739        SUCCESS        4            97        0.3        38727.19        38736.02            21.7            7.95
    96743        SUCCESS        4            97        0.3        38736.02        38744.21            35.6            7.37
    96745        SUCCESS        4            97        0.3        38744.21        38749.98            29.3            5.19
    96768        SUCCESS        4            97        0.3        38749.98        38759.64            27.9            8.69
    96789        SUCCESS        4            97        0.3        38759.64        38765.22            31.4            5.02
    96860        SUCCESS        4            97        0.3        38765.22        38777.08            13.8            10.68
    96865        SUCCESS        4            97        0.3        38777.08        38779.95            24.4            2.58
    96887        SUCCESS        4            97        0.3        38779.95        38790.65            22.9            9.63
    96896        SUCCESS        4            97        0.3        38790.65        38795.94            19.3            4.77
    96916        SUCCESS        4            97        0.3        38795.94        38807.05            26.4            10
    96926        SUCCESS        4            97        0.3        38807.05        38815.07            24.6            7.22
    96928        SUCCESS        4            97        0.3        38815.07        38819.33            22.8            3.84
    96932        SUCCESS        4            97        0.3        38819.33        38830.71            30.5            10.24
    96935        SUCCESS        4            97        0.3        38830.71        38839.77            13.8            8.15
    96949        SUCCESS        4            97        0.3        38839.77        38844.91            5.7            4.62
    96956        SUCCESS        4            97        0.3        38844.91        38854.34            27.7            8.49
    96970        SUCCESS        4            97        0.3        38854.34        38857.51            6.1            2.85
    96974        SUCCESS        4            97        0.3        38857.51        38862.41            10.8            4.4
    96985        SUCCESS        4            97        0.3        38862.41        38871.5            19.2            8.19
    96986        SUCCESS        4            97        0.3        38871.5        38883.06            13.9            10.4
    96997        SUCCESS        4            97        0.3        38883.06        38895.14            18.7            10.87
    97031        SUCCESS        4            97        0.3        38895.14        38898.13            10.1            2.7
    97045        SUCCESS        4            97        0.3        38898.13        38908.23            23.5            9.09
    97049        SUCCESS        4            97        0.3        38908.23        38917.34            21.3            8.2
    97058        SUCCESS        4            97        0.3        38917.34        38922.09            25.7            4.27
    97099        SUCCESS        4            97        0.3        38922.09        38934.08            26.8            10.79
    97116        SUCCESS        4            97        0.3        38934.08        38944.85            12.9            9.7
    97169        SUCCESS        4            97        0.3        38944.85        38952.68            12.9            7.04
    97171        SUCCESS        4            97        0.3        38952.68        38957.19            36            4.06
    97178        SUCCESS        4            97        0.3        38957.19        38968.96            23.8            10.59
    97186        SUCCESS        4            97        0.3        38968.96        38976.35            21.4            6.65
    97187        SUCCESS        4            97        0.3        38976.35        38988.4            36.8            10.85
    97199        SUCCESS        4            97        0.3        38988.4        38995.32            10.8            6.23
    97233        SUCCESS        4            97        0.3        38995.32        39001.43            9.1            5.5
    97236        SUCCESS        4            97        0.3        39001.43        39011.61            23.1            9.16
    97242        SUCCESS        4            97        0.3        39011.61        39018.7            18.4            6.38
    97255        SUCCESS        4            97        0.3        39018.7        39030.64            25.8            10.75
    97267        SUCCESS        4            97        0.3        39030.64        39035.09            26.7            4.01
    97290        SUCCESS        4            97        0.3        39035.09        39044.51            18.8            8.48
    97336        SUCCESS        4            97        0.3        39044.51        39050.36            19.7            5.27
    97358        SUCCESS        4            97        0.3        39050.36        39054.77            10.7            3.97
    97383        SUCCESS        4            97        0.3        39054.77        39059.74            8.6            4.47
    97403        SUCCESS        4            97        0.3        39059.74        39062.67            27.3            2.63
    97411        SUCCESS        4            97        0.3        39062.67        39069.8            24.7            6.42
    97424        SUCCESS        4            97        0.3        39069.8        39076.83            26.8            6.33
    97435        SUCCESS        4            97        0.3        39076.83        39086.99            28.4            9.15
    97471        SUCCESS        4            97        0.3        39086.99        39090.98            19.9            3.59
    97496        SUCCESS        4            97        0.3        39090.98        39102.42            16.6            10.29
    97497        SUCCESS        4            97        0.3        39102.42        39111.68            19.2            8.33
    97532        SUCCESS        4            97        0.3        39111.68        39118.01            32.4            5.7
    97545        SUCCESS        4            97        0.3        39118.01        39121.62            19.4            3.25
    97612        SUCCESS        4            97        0.3        39121.62        39125.79            27.4            3.75
    97620        SUCCESS        4            97        0.3        39125.79        39131.52            7.9            5.16
    97623        SUCCESS        4            97        0.3        39131.52        39136.11            12.7            4.13
    97626        SUCCESS        4            97        0.3        39136.11        39146.78            12.3            9.61
    97631        SUCCESS        4            97        0.3        39146.78        39156.59            19.3            8.83
    97643        SUCCESS        4            97        0.3        39156.59        39161.08            19.4            4.04
    97710        SUCCESS        4            97        0.3        39161.08        39171.21            31.2            9.11
    97712        SUCCESS        4            97        0.3        39171.21        39177.55            20.1            5.71
    97733        SUCCESS        4            97        0.3        39177.55        39185.66            32.5            7.29
    97736        SUCCESS        4            97        0.3        39185.66        39190.33            21            4.21
    97768        SUCCESS        4            97        0.3        39190.33        39198.23            13.2            7.1
    97783        SUCCESS        4            97        0.3        39198.23        39202.99            20.1            4.29
    97790        SUCCESS        4            97        0.3        39202.99        39207.36            27.2            3.93
    97822        SUCCESS        4            97        0.3        39207.36        39214.69            13.6            6.59
    97835        SUCCESS        4            97        0.3        39214.69        39225.84            24.3            10.04
    97842        SUCCESS        4            97        0.3        39225.84        39229.39            34.1            3.2
    97844        SUCCESS        4            97        0.3        39229.39        39238.92            28.4            8.58
    97858        SUCCESS        4            97        0.3        39238.92        39248.64            30.1            8.75
    97867        SUCCESS        4            97        0.3        39248.64        39258.37            13.2            8.75
    97870        SUCCESS        4            97        0.3        39258.37        39267.2            21.6            7.95
    97889        SUCCESS        4            97        0.3        39267.2        39279.23            10.9            10.83
    97896        SUCCESS        4            97        0.3        39279.23        39284            24.4            4.29
    97914        SUCCESS        4            97        0.3        39284        39292.72            21            7.85
    97941        SUCCESS        4            97        0.3        39292.72        39302.65            19.1            8.94
    97944        SUCCESS        4            97        0.3        39302.65        39313.82            31            10.05
    97945        SUCCESS        4            97        0.3        39313.82        39323.43            22            8.65
    97947        SUCCESS        4            97        0.3        39323.43        39332.67            29.4            8.32
    97954        SUCCESS        4            97        0.3        39332.67        39344.01            24.3            10.21
    97990        SUCCESS        4            97        0.3        39344.01        39352.2            24            7.37
    98020        SUCCESS        4            97        0.3        39352.2        39362.45            27.6            9.22
    98050        SUCCESS        4            97        0.3        39362.45        39371.98            26.9            8.58
    98125        SUCCESS        4            97        0.3        39371.98        39381.25            20.1            8.34
    98130        SUCCESS        4            97        0.3        39381.25        39387.45            28.3            5.58
    98163        SUCCESS        4            97        0.3        39387.45        39393.25            16.7            5.22
    98180        SUCCESS        4            97        0.3        39393.25        39396.47            29            2.9
    98224        SUCCESS        4            97        0.3        39396.47        39400.81            25.7            3.9
    98258        SUCCESS        4            97        0.3        39400.81        39407.47            13.8            5.99
    98264        SUCCESS        4            97        0.3        39407.47        39412.51            26.9            4.54
    98282        SUCCESS        4            97        0.3        39412.51        39423.33            18.2            9.74
    98288        SUCCESS        4            97        0.3        39423.33        39431.9            19.1            7.72
    98309        SUCCESS        4            97        0.3        39431.9        39438.16            34.9            5.63
    98317        SUCCESS        4            97        0.3        39438.16        39443.99            18.5            5.25
    98335        SUCCESS        4            97        0.3        39443.99        39454.91            19.8            9.83
    98338        SUCCESS        4            97        0.3        39454.91        39463.11            32.1            7.38
    98355        SUCCESS        4            97        0.3        39463.11        39471.86            23.6            7.88
    98381        SUCCESS        4            97        0.3        39471.86        39478.37            9.2            5.86
    98416        SUCCESS        4            97        0.3        39478.37        39483.01            20.3            4.18
    98426        SUCCESS        4            97        0.3        39483.01        39494.1            21.8            9.98
    98442        SUCCESS        4            97        0.3        39494.1        39503.29            22.5            8.27
    98467        SUCCESS        4            97        0.3        39503.29        39510.21            19.3            6.22
    98468        SUCCESS        4            97        0.3        39510.21        39514.8            33.7            4.14
    98483        SUCCESS        4            97        0.3        39514.8        39524.23            25.4            8.48
    98491        SUCCESS        4            97        0.3        39524.23        39530.38            30.3            5.54
    98504        SUCCESS        4            97        0.3        39530.38        39533.23            13.5            2.56
    98531        SUCCESS        4            97        0.3        39533.23        39539.62            25.9            5.75
    98536        SUCCESS        4            97        0.3        39539.62        39544.36            8.7            4.27
    98543        SUCCESS        4            97        0.3        39544.36        39551.28            5.5            6.23
    98560        SUCCESS        4            97        0.3        39551.28        39559.15            21.8            7.08
    98609        SUCCESS        4            97        0.3        39559.15        39562.48            23.1            3
    98676        SUCCESS        4            97        0.3        39562.48        39574.17            19.4            10.52
    98692        SUCCESS        4            97        0.3        39574.17        39576.94            25.1            2.5
    98707        SUCCESS        4            97        0.3        39576.94        39579.74            22.1            2.52
    98708        SUCCESS        4            97        0.3        39579.74        39589.16            29.1            8.48
    98769        SUCCESS        4            97        0.3        39589.16        39596.63            23.8            6.73
    98790        SUCCESS        4            97        0.3        39596.63        39605.65            20            8.12
    98792        SUCCESS        4            97        0.3        39605.65        39610.14            26.4            4.04
    98816        SUCCESS        4            97        0.3        39610.14        39614.32            35.3            3.76
    98840        SUCCESS        4            97        0.3        39614.32        39623.76            26.7            8.5
    98853        SUCCESS        4            97        0.3        39623.76        39627.17            24.8            3.07
    98856        SUCCESS        4            97        0.3        39627.17        39639.09            16            10.73
    98860        SUCCESS        4            97        0.3        39639.09        39645.35            26            5.63
    98905        SUCCESS        4            97        0.3        39645.35        39654.42            28.6            8.17
    98940        SUCCESS        4            97        0.3        39654.42        39665.15            30.7            9.65
    98947        SUCCESS        4            97        0.3        39665.15        39676.9            27.7            10.58
    98959        SUCCESS        4            97        0.3        39676.9        39682.52            17            5.06
    98968        SUCCESS        4            97        0.3        39682.52        39685.88            20.4            3.03
    98977        SUCCESS        4            97        0.3        39685.88        39689.61            26.3            3.35
    99015        SUCCESS        4            97        0.3        39689.61        39700.11            19.4            9.46
    99021        SUCCESS        4            97        0.3        39700.11        39705.47            20            4.82
    99029        SUCCESS        4            97        0.3        39705.47        39717.75            32.1            11.05
    99039        SUCCESS        4            97        0.3        39717.75        39727.31            7.1            8.6
    99040        SUCCESS        4            97        0.3        39727.31        39733.66            9.5            5.72
    99053        SUCCESS        4            97        0.3        39733.66        39736.86            15.3            2.88
    99059        SUCCESS        4            97        0.3        39736.86        39746.58            22.8            8.75
    99076        SUCCESS        4            97        0.3        39746.58        39752.79            6.7            5.59
    99151        SUCCESS        4            97        0.3        39752.79        39759.07            22.9            5.65
    99162        SUCCESS        4            97        0.3        39759.07        39767.04            22.4            7.18
    99164        SUCCESS        4            97        0.3        39767.04        39775.38            19.8            7.5
    99167        SUCCESS        4            97        0.3        39775.38        39784.65            25.6            8.35
    99177        SUCCESS        4            97        0.3        39784.65        39788.25            12.7            3.24
    99181        SUCCESS        4            97        0.3        39788.25        39800.23            26.7            10.78
    99196        SUCCESS        4            97        0.3        39800.23        39803.13            24.4            2.62
    99217        SUCCESS        4            97        0.3        39803.13        39814.64            14            10.35
    99218        SUCCESS        4            97        0.3        39814.64        39824.46            18.4            8.84
    99223        SUCCESS        4            97        0.3        39824.46        39829.2            36            4.26
    99301        SUCCESS        4            97        0.3        39829.2        39841.02            13.1            10.64
    99306        SUCCESS        4            97        0.3        39841.02        39848.02            34.4            6.31
    99322        SUCCESS        4            97        0.3        39848.02        39852.73            19            4.23
    99326        SUCCESS        4            97        0.3        39852.73        39856            29.5            2.94
    99337        SUCCESS        4            97        0.3        39856        39860.9            28.4            4.41
    99339        SUCCESS        4            97        0.3        39860.9        39870.23            27.3            8.4
    99342        SUCCESS        4            97        0.3        39870.23        39873.82            13.9            3.23
    99366        SUCCESS        4            97        0.3        39873.82        39881.61            35.8            7.02
    99400        SUCCESS        4            97        0.3        39881.61        39886.28            11.7            4.21
    99456        SUCCESS        4            97        0.3        39886.28        39891.58            21.6            4.77
    99466        SUCCESS        4            97        0.3        39891.58        39897.71            16.2            5.52
    99467        SUCCESS        4            97        0.3        39897.71        39908.41            15.9            9.63
    99482        SUCCESS        4            97        0.3        39908.41        39920.32            19.5            10.72
    99483        SUCCESS        4            97        0.3        39920.32        39928.22            16.4            7.11
    99512        SUCCESS        4            97        0.3        39928.22        39933.23            27.2            4.51
    99521        SUCCESS        4            97        0.3        39933.23        39941.8            14.9            7.71
    99566        SUCCESS        4            97        0.3        39941.8        39951.75            16            8.96
    99585        SUCCESS        4            97        0.3        39951.75        39961.23            11.4            8.54
    99586        SUCCESS        4            97        0.3        39961.23        39966.09            17.4            4.37
    99591        SUCCESS        4            97        0.3        39966.09        39972.11            14.2            5.42
    99593        SUCCESS        4            97        0.3        39972.11        39982.79            8.8            9.61
    99606        SUCCESS        4            97        0.3        39982.79        39990.67            20            7.09
    99614        SUCCESS        4            97        0.3        39990.67        39994.33            27.9            3.3
    99642        SUCCESS        4            97        0.3        39994.33        39997.88            11.4            3.19
    99652        SUCCESS        4            97        0.3        39997.88        40009.47            19.2            10.43
    99655        SUCCESS        4            97        0.3        40009.47        40019.4            23.1            8.94
    99660        SUCCESS        4            97        0.3        40019.4        40023.18            22            3.4
    99738        SUCCESS        4            97        0.3        40023.18        40034.18            25.3            9.9
    99792        SUCCESS        4            97        0.3        40034.18        40041.09            11.9            6.22
    99793        SUCCESS        4            97        0.3        40041.09        40050.57            31.7            8.53
    99807        SUCCESS        4            97        0.3        40050.57        40053.99            14.4            3.08
    99811        SUCCESS        4            97        0.3        40053.99        40065.98            24.3            10.79
    99819        SUCCESS        4            97        0.3        40065.98        40074            14.6            7.22
    99827        SUCCESS        4            97        0.3        40074        40081.92            20.5            7.13
    99829        SUCCESS        4            97        0.3        40081.92        40087.69            20.8            5.19
    99846        SUCCESS        4            97        0.3        40087.69        40097.25            8.4            8.6
    99867        SUCCESS        4            97        0.3        40097.25        40104.29            20.8            6.34
    99886        SUCCESS        4            97        0.3        40104.29        40115.05            19.3            9.68
    99920        SUCCESS        4            97        0.3        40115.05        40125.73            26.1            9.61
    99944        SUCCESS        4            97        0.3        40125.73        40135.77            21            9.04
    99945        SUCCESS        4            97        0.3        40135.77        40141.31            35.2            4.99
    99997        SUCCESS        4            97        0.3        40141.31        40147.96            24.8            5.98
    99999        SUCCESS        4            97        0.3        40147.96        40157.96            17.7            9.01
makespan: 40157.96349999317
LB: 7282.007487623864
cost: 770781.535375026

Whale Optimization Algorithm Example
